T,trajectories,best_r,best_x
100,0,0.0000,386
200,0,0.0000,510
300,0,0.0000,634
400,0,0.0000,754
500,0,0.0000,796
600,0,0.0000,1052
700,1,26.1600,1308
800,1,26.1600,1308
900,1,26.1600,1308
1000,1,26.1600,1308
1100,1,26.1600,1308
1200,1,26.1600,1308
1300,2,26.1600,1308
1400,2,26.1600,1308
1500,2,26.1600,1308
1600,2,26.1600,1308
1700,2,26.1600,1308
1800,2,26.1600,1308
1900,2,26.1600,1308
2000,2,26.1600,1308
2100,2,26.1600,1308
2200,2,26.1600,1316
2300,2,26.1600,1440
2400,2,26.1600,1543
2500,2,26.1600,1543
2600,3,41.1000,2055
2700,3,41.1000,2055
2800,3,41.1000,2055
2900,3,41.1000,2055
3000,3,41.1000,2055
3100,3,41.1000,2055
3200,3,41.1000,2055
3300,3,41.1000,2055
3400,3,41.1000,2055
3500,3,41.1000,2055
3600,3,41.1000,2055
3700,3,41.1000,2055
3800,3,41.1000,2055
3900,3,41.1000,2055
4000,3,41.1000,2055
4100,3,41.1000,2116
4200,3,41.1000,2222
4300,3,41.1000,2345
4400,3,41.1000,2474
4500,3,41.1000,2598
4600,3,41.1000,2722
4700,3,41.1000,2784
4800,3,41.1000,2894
4900,3,41.1000,2946
5000,3,41.1000,2987
5100,3,41.1000,3111
5200,3,41.1000,3192
5300,3,41.1000,3198
5400,3,41.1000,3208
5500,3,41.1000,3332
5600,3,41.1000,3456
5700,3,41.1000,3580
5800,3,41.1000,3703
5900,3,41.1000,3827
6000,3,41.1000,3929
6100,3,41.1000,4185
6200,4,93.9400,4697
6300,4,93.9400,4697
6400,4,93.9400,4697
6500,4,93.9400,4697
6600,4,93.9400,4697
6700,4,93.9400,4697
6800,4,93.9400,4697
6900,4,93.9400,4697
7000,4,93.9400,4697
7100,4,93.9400,4697
7200,4,93.9400,4697
7300,4,93.9400,4697
7400,4,93.9400,4697
7500,4,93.9400,4697
7600,4,93.9400,4697
7700,4,93.9400,4697
7800,4,93.9400,4697
7900,4,93.9400,4697
8000,4,93.9400,4697
8100,4,93.9400,4697
8200,4,93.9400,4697
8300,5,93.9400,4697
8400,5,93.9400,4697
8500,5,93.9400,4697
8600,5,93.9400,4697
8700,5,93.9400,4697
8800,5,93.9400,4697
8900,5,93.9400,4697
9000,5,93.9400,4697
9100,5,93.9400,4697
9200,5,93.9400,4697
9300,5,93.9400,4697
9400,5,93.9400,4697
9500,5,93.9400,4697
9600,5,93.9400,4697
9700,5,93.9400,4697
9800,5,93.9400,4697
9900,5,93.9400,4697
10000,5,93.9400,4697
10100,5,93.9400,4697
10200,5,93.9400,4697
10300,5,93.9400,4697
10400,5,93.9400,4697
10500,5,93.9400,4697
10600,5,93.9400,4697
10700,5,93.9400,4697
10800,5,93.9400,4697
10900,5,93.9400,4697
11000,5,93.9400,4697
11100,5,93.9400,4697
11200,5,93.9400,4697
11300,5,93.9400,4697
11400,5,93.9400,4697
11500,5,93.9400,4697
11600,5,93.9400,4697
11700,5,93.9400,4697
11800,5,93.9400,4697
11900,5,93.9400,4697
12000,5,93.9400,4697
12100,5,93.9400,4697
12200,5,93.9400,4697
12300,5,93.9400,4697
12400,5,93.9400,4697
12500,5,93.9400,4697
12600,5,93.9400,4697
12700,5,93.9400,4697
12800,5,93.9400,4697
12900,5,93.9400,4697
13000,5,93.9400,4697
13100,5,93.9400,4697
13200,5,93.9400,4697
13300,5,93.9400,4697
13400,5,93.9400,4697
13500,6,93.9400,4697
13600,6,93.9400,4697
13700,6,93.9400,4697
13800,6,93.9400,4697
13900,7,93.9400,4697
14000,7,93.9400,4697
14100,7,93.9400,4697
14200,7,93.9400,4697
14300,7,93.9400,4697
14400,8,93.9400,4697
14500,8,93.9400,4697
14600,8,93.9400,4697
14700,8,93.9400,4697
14800,8,93.9400,4697
14900,8,93.9400,4697
15000,8,93.9400,4697
15100,8,93.9400,4697
15200,8,93.9400,4697
15300,8,93.9400,4697
15400,8,93.9400,4697
15500,8,93.9400,4697
15600,8,93.9400,4697
15700,8,93.9400,4697
15800,8,93.9400,4697
15900,8,93.9400,4697
16000,8,93.9400,4697
16100,8,93.9400,4697
16200,8,93.9400,4697
16300,8,93.9400,4697
16400,8,93.9400,4697
16500,8,93.9400,4697
16600,8,93.9400,4697
16700,8,93.9400,4697
16800,8,93.9400,4697
16900,8,93.9400,4697
17000,8,93.9400,4697
17100,8,93.9400,4697
17200,8,93.9400,4697
17300,8,93.9400,4697
17400,8,93.9400,4697
17500,8,93.9400,4697
17600,8,93.9400,4697
17700,8,93.9400,4697
17800,8,93.9400,4697
17900,8,93.9400,4697
18000,8,93.9400,4697
18100,8,93.9400,4697
18200,8,93.9400,4697
18300,8,93.9400,4697
18400,8,93.9400,4697
18500,8,93.9400,4697
18600,8,93.9400,4697
18700,8,93.9400,4697
18800,8,93.9400,4697
18900,8,93.9400,4697
19000,8,93.9400,4697
19100,8,93.9400,4697
19200,8,93.9400,4697
19300,8,93.9400,4697
19400,8,93.9400,4697
19500,8,93.9400,4697
19600,8,93.9400,4697
19700,8,93.9400,4697
19800,8,93.9400,4697
19900,8,93.9400,4697
20000,8,93.9400,4697
20100,8,93.9400,4697
20200,8,93.9400,4697
20300,8,93.9400,4697
20400,8,93.9400,4697
20500,8,93.9400,4697
20600,8,93.9400,4697
20700,8,93.9400,4697
20800,8,93.9400,4697
20900,8,93.9400,4697
21000,8,93.9400,4697
21100,8,93.9400,4697
21200,8,93.9400,4697
21300,8,93.9400,4697
21400,9,94.9200,4697
21500,9,94.9200,4697
21600,9,94.9200,4697
21700,9,94.9200,4697
21800,9,94.9200,4697
21900,9,94.9200,4697
22000,9,94.9200,4697
22100,9,94.9200,4697
22200,9,94.9200,4697
22300,9,94.9200,4697
22400,9,94.9200,4697
22500,9,94.9200,4697
22600,9,94.9200,4697
22700,9,94.9200,4697
22800,9,94.9200,4697
22900,10,94.9200,4697
23000,10,94.9200,4697
23100,10,94.9200,4697
23200,10,94.9200,4697
23300,10,94.9200,4697
23400,10,94.9200,4697
23500,10,94.9200,4697
23600,10,94.9200,4697
23700,10,94.9200,4697
23800,10,94.9200,4697
23900,10,94.9200,4697
24000,10,94.9200,4697
24100,10,94.9200,4697
24200,10,94.9200,4697
24300,10,94.9200,4697
24400,10,94.9200,4697
24500,10,94.9200,4697
24600,10,94.9200,4697
24700,10,94.9200,4697
24800,10,94.9200,4697
24900,10,94.9200,4697
25000,10,94.9200,4697
25100,10,94.9200,4697
25200,10,94.9200,4697
25300,10,94.9200,4697
25400,10,94.9200,4697
25500,10,94.9200,4697
25600,10,94.9200,4697
25700,10,94.9200,4697
25800,10,94.9200,4697
25900,10,94.9200,4697
26000,10,94.9200,4697
26100,10,94.9200,4697
26200,10,94.9200,4697
26300,11,94.9200,4697
26400,11,94.9200,4697
26500,11,94.9200,4697
26600,11,94.9200,4697
26700,11,94.9200,4697
26800,11,94.9200,4697
26900,11,94.9200,4697
27000,11,94.9200,4697
27100,11,94.9200,4697
27200,11,94.9200,4697
27300,11,94.9200,4697
27400,11,94.9200,4697
27500,11,94.9200,4697
27600,11,94.9200,4697
27700,11,94.9200,4697
27800,11,94.9200,4697
27900,11,94.9200,4697
28000,11,94.9200,4697
28100,11,94.9200,4697
28200,11,94.9200,4697
28300,11,94.9200,4697
28400,11,94.9200,4697
28500,11,94.9200,4697
28600,11,94.9200,4697
28700,11,94.9200,4697
28800,11,94.9200,4697
28900,11,94.9200,4697
29000,11,94.9200,4697
29100,11,94.9200,4697
29200,11,94.9200,4697
29300,11,94.9200,4697
29400,11,94.9200,4697
29500,11,94.9200,4697
29600,11,94.9200,4697
29700,12,94.9200,4697
29800,12,94.9200,4697
29900,12,94.9200,4697
30000,12,94.9200,4697
30100,12,94.9200,4697
30200,12,94.9200,4697
30300,12,94.9200,4697
30400,12,94.9200,4697
30500,12,94.9200,4697
30600,12,94.9200,4697
30700,12,94.9200,4697
30800,12,94.9200,4697
30900,12,94.9200,4697
31000,12,94.9200,4697
31100,12,94.9200,4697
31200,12,94.9200,4697
31300,12,94.9200,4697
31400,12,94.9200,4697
31500,12,94.9200,4697
31600,12,94.9200,4697
31700,12,94.9200,4697
31800,12,94.9200,4697
31900,12,94.9200,4697
32000,12,94.9200,4697
32100,12,94.9200,4697
32200,12,94.9200,4697
32300,12,94.9200,4697
32400,12,94.9200,4697
32500,12,94.9200,4697
32600,12,94.9200,4697
32700,12,94.9200,4697
32800,12,94.9200,4697
32900,12,94.9200,4697
33000,12,94.9200,4697
33100,13,94.9200,4697
33200,13,94.9200,4697
33300,13,94.9200,4697
33400,13,94.9200,4697
33500,13,94.9200,4697
33600,13,94.9200,4697
33700,13,94.9200,4697
33800,13,94.9200,4697
33900,13,94.9200,4697
34000,13,94.9200,4697
34100,13,94.9200,4697
34200,13,94.9200,4697
34300,13,94.9200,4697
34400,13,94.9200,4697
34500,13,94.9200,4697
34600,13,94.9200,4697
34700,13,94.9200,4697
34800,13,94.9200,4697
34900,13,94.9200,4697
35000,13,94.9200,4697
35100,13,94.9200,4697
35200,13,94.9200,4697
35300,13,94.9200,4697
35400,13,94.9200,4697
35500,13,94.9200,4697
35600,13,94.9200,4697
35700,13,94.9200,4697
35800,13,94.9200,4697
35900,13,94.9200,4697
36000,13,94.9200,4697
36100,13,94.9200,4697
36200,13,94.9200,4697
36300,13,94.9200,4697
36400,13,94.9200,4697
36500,13,94.9200,4697
36600,13,94.9200,4697
36700,13,94.9200,4697
36800,13,94.9200,4697
36900,13,94.9200,4697
37000,13,94.9200,4697
37100,13,94.9200,4697
37200,13,94.9200,4697
37300,13,94.9200,4697
37400,13,94.9200,4697
37500,13,94.9200,4697
37600,13,94.9200,4697
37700,13,94.9200,4697
37800,14,94.9200,4697
37900,14,94.9200,4697
38000,14,94.9200,4697
38100,14,94.9200,4697
38200,14,94.9200,4697
38300,14,94.9200,4697
38400,14,94.9200,4697
38500,14,94.9200,4697
38600,14,94.9200,4697
38700,14,94.9200,4697
38800,14,94.9200,4697
38900,14,94.9200,4697
39000,14,94.9200,4697
39100,14,94.9200,4697
39200,14,94.9200,4697
39300,14,94.9200,4697
39400,14,94.9200,4697
39500,14,94.9200,4697
39600,14,94.9200,4697
39700,14,94.9200,4697
39800,14,94.9200,4697
39900,14,94.9200,4697
40000,14,94.9200,4697
40100,14,94.9200,4697
40200,14,94.9200,4697
40300,14,94.9200,4697
40400,14,94.9200,4697
40500,14,94.9200,4697
40600,14,94.9200,4697
40700,14,94.9200,4697
40800,14,94.9200,4697
40900,14,94.9200,4697
41000,14,94.9200,4697
41100,14,94.9200,4697
41200,14,94.9200,4697
41300,14,94.9200,4697
41400,14,94.9200,4697
41500,14,94.9200,4697
41600,14,94.9200,4697
41700,14,94.9200,4697
41800,14,94.9200,4697
41900,14,94.9200,4697
42000,14,94.9200,4697
42100,14,94.9200,4697
42200,14,94.9200,4697
42300,14,94.9200,4697
42400,14,94.9200,4697
42500,14,94.9200,4697
42600,14,94.9200,4697
42700,14,94.9200,4697
42800,14,94.9200,4697
42900,14,94.9200,4697
43000,14,94.9200,4697
43100,14,94.9200,4697
43200,14,94.9200,4697
43300,14,94.9200,4697
43400,14,94.9200,4697
43500,14,94.9200,4697
43600,14,94.9200,4697
43700,14,94.9200,4697
43800,14,94.9200,4697
43900,14,94.9200,4697
44000,14,94.9200,4697
44100,14,94.9200,4697
44200,14,94.9200,4697
44300,14,94.9200,4697
44400,14,94.9200,4697
44500,14,94.9200,4697
44600,14,94.9200,4697
44700,14,94.9200,4697
44800,14,94.9200,4697
44900,14,94.9200,4697
45000,14,94.9200,4697
45100,14,94.9200,4697
45200,14,94.9200,4697
45300,14,94.9200,4697
45400,14,94.9200,4697
45500,14,94.9200,4697
45600,14,94.9200,4697
45700,14,94.9200,4697
45800,14,94.9200,4697
45900,14,94.9200,4697
46000,14,94.9200,4697
46100,14,94.9200,4697
46200,14,94.9200,4697
46300,14,94.9200,4697
46400,14,94.9200,4697
46500,14,94.9200,4697
46600,14,94.9200,4697
46700,14,94.9200,4697
46800,14,94.9200,4697
46900,14,94.9200,4697
47000,14,94.9200,4697
47100,14,94.9200,4697
47200,14,94.9200,4697
47300,14,94.9200,4697
47400,14,94.9200,4697
47500,14,94.9200,4697
47600,14,94.9200,4697
47700,14,94.9200,4697
47800,14,94.9200,4697
47900,14,94.9200,4697
48000,14,94.9200,4697
48100,14,94.9200,4697
48200,14,94.9200,4697
48300,14,94.9200,4697
48400,15,94.9200,4697
48500,15,94.9200,4697
48600,15,94.9200,4697
48700,15,94.9200,4697
48800,15,94.9200,4697
48900,15,94.9200,4697
49000,16,94.9200,4697
49100,16,94.9200,4697
49200,16,94.9200,4697
49300,16,94.9200,4697
49400,16,94.9200,4697
49500,17,94.9200,4697
49600,17,94.9200,4697
49700,17,94.9200,4697
49800,17,94.9200,4697
49900,17,94.9200,4697
50000,17,94.9200,4697
50100,17,94.9200,4697
50200,17,94.9200,4697
50300,17,94.9200,4697
50400,17,94.9200,4697
50500,17,94.9200,4697
50600,17,94.9200,4697
50700,17,94.9200,4697
50800,17,94.9200,4697
50900,17,94.9200,4697
51000,17,94.9200,4697
51100,17,94.9200,4697
51200,17,94.9200,4697
51300,17,94.9200,4697
51400,17,94.9200,4697
51500,17,94.9200,4697
51600,17,94.9200,4697
51700,17,94.9200,4697
51800,17,94.9200,4697
51900,17,94.9200,4697
52000,17,94.9200,4697
52100,17,94.9200,4697
52200,17,94.9200,4697
52300,17,94.9200,4697
52400,17,94.9200,4697
52500,17,94.9200,4697
52600,17,94.9200,4697
52700,17,94.9200,4697
52800,17,94.9200,4697
52900,17,94.9200,4697
53000,17,94.9200,4697
53100,17,94.9200,4697
53200,17,94.9200,4697
53300,17,94.9200,4697
53400,17,94.9200,4697
53500,18,94.9200,4697
53600,18,94.9200,4697
53700,18,94.9200,4697
53800,18,94.9200,4697
53900,18,94.9200,4697
54000,18,94.9200,4697
54100,18,94.9200,4697
54200,18,94.9200,4697
54300,18,94.9200,4697
54400,18,94.9200,4697
54500,18,94.9200,4697
54600,18,94.9200,4697
54700,18,94.9200,4697
54800,18,94.9200,4697
54900,18,94.9200,4697
55000,18,94.9200,4697
55100,18,94.9200,4697
55200,18,94.9200,4697
55300,18,94.9200,4697
55400,18,94.9200,4697
55500,18,94.9200,4697
55600,18,94.9200,4697
55700,18,94.9200,4697
55800,18,94.9200,4697
55900,18,94.9200,4697
56000,18,94.9200,4697
56100,18,94.9200,4697
56200,18,94.9200,4697
56300,18,94.9200,4697
56400,18,94.9200,4697
56500,18,94.9200,4697
56600,18,94.9200,4697
56700,18,94.9200,4697
56800,18,94.9200,4697
56900,18,94.9200,4697
57000,18,94.9200,4697
57100,18,94.9200,4697
57200,18,94.9200,4697
57300,18,94.9200,4697
57400,18,94.9200,4697
57500,18,94.9200,4697
57600,18,94.9200,4697
57700,18,94.9200,4697
57800,18,94.9200,4697
57900,18,94.9200,4697
58000,18,94.9200,4697
58100,19,94.9200,4697
58200,19,94.9200,4697
58300,19,94.9200,4697
58400,19,94.9200,4697
58500,19,94.9200,4697
58600,19,94.9200,4697
58700,19,94.9200,4697
58800,19,94.9200,4697
58900,19,94.9200,4697
59000,19,94.9200,4697
59100,19,94.9200,4697
59200,19,94.9200,4697
59300,19,94.9200,4697
59400,19,94.9200,4697
59500,19,94.9200,4697
59600,19,94.9200,4697
59700,19,94.9200,4697
59800,19,94.9200,4697
59900,19,94.9200,4697
60000,19,94.9200,4697
60100,19,94.9200,4697
60200,19,94.9200,4697
60300,19,94.9200,4697
60400,19,94.9200,4697
60500,19,94.9200,4697
60600,19,94.9200,4697
60700,19,94.9200,4697
60800,19,94.9200,4697
60900,19,94.9200,4697
61000,19,94.9200,4697
61100,19,94.9200,4697
61200,19,94.9200,4697
61300,19,94.9200,4697
61400,19,94.9200,4697
61500,19,94.9200,4697
61600,19,94.9200,4697
61700,19,94.9200,4697
61800,19,94.9200,4697
61900,19,94.9200,4697
62000,19,94.9200,4697
62100,19,94.9200,4697
62200,19,94.9200,4697
62300,19,94.9200,4697
62400,19,94.9200,4697
62500,19,94.9200,4697
62600,19,94.9200,4697
62700,19,94.9200,4697
62800,19,94.9200,4697
62900,19,94.9200,4697
63000,19,94.9200,4697
63100,19,94.9200,4697
63200,19,94.9200,4697
63300,19,94.9200,4697
63400,19,94.9200,4697
63500,19,94.9200,4697
63600,19,94.9200,4697
63700,19,94.9200,4697
63800,19,94.9200,4697
63900,19,94.9200,4697
64000,19,94.9200,4697
64100,19,94.9200,4697
64200,19,94.9200,4697
64300,19,94.9200,4697
64400,19,94.9200,4697
64500,19,94.9200,4697
64600,19,94.9200,4697
64700,20,94.9200,4697
64800,20,94.9200,4697
64900,20,94.9200,4697
65000,20,94.9200,4697
65100,20,94.9200,4697
65200,21,94.9200,4697
65300,21,94.9200,4697
65400,21,94.9200,4697
65500,21,94.9200,4697
65600,21,94.9200,4697
65700,22,94.9200,4697
65800,22,94.9200,4697
65900,22,94.9200,4697
66000,22,94.9200,4697
66100,22,94.9200,4697
66200,22,94.9200,4697
66300,22,94.9200,4697
66400,22,94.9200,4697
66500,22,94.9200,4697
66600,22,94.9200,4697
66700,22,94.9200,4697
66800,22,94.9200,4697
66900,22,94.9200,4697
67000,22,94.9200,4697
67100,22,94.9200,4697
67200,22,94.9200,4697
67300,22,94.9200,4697
67400,22,94.9200,4697
67500,22,94.9200,4697
67600,22,94.9200,4697
67700,22,94.9200,4697
67800,22,94.9200,4697
67900,22,94.9200,4697
68000,22,94.9200,4697
68100,22,94.9200,4697
68200,22,94.9200,4697
68300,22,94.9200,4697
68400,22,94.9200,4697
68500,22,94.9200,4697
68600,22,94.9200,4697
68700,22,94.9200,4697
68800,22,94.9200,4697
68900,22,94.9200,4697
69000,22,94.9200,4697
69100,22,94.9200,4697
69200,22,94.9200,4697
69300,22,94.9200,4697
69400,22,94.9200,4697
69500,22,94.9200,4697
69600,22,94.9200,4697
69700,22,94.9200,4697
69800,22,94.9200,4697
69900,22,94.9200,4697
70000,22,94.9200,4697
70100,22,94.9200,4697
70200,22,94.9200,4697
70300,22,94.9200,4697
70400,22,94.9200,4697
70500,22,94.9200,4697
70600,22,94.9200,4697
70700,22,94.9200,4697
70800,22,94.9200,4697
70900,22,94.9200,4697
71000,22,94.9200,4697
71100,22,94.9200,4697
71200,22,94.9200,4697
71300,22,94.9200,4697
71400,22,94.9200,4697
71500,22,94.9200,4697
71600,22,94.9200,4697
71700,22,94.9200,4697
71800,22,94.9200,4697
71900,22,94.9200,4697
72000,22,94.9200,4697
72100,22,94.9200,4697
72200,22,94.9200,4697
72300,22,94.9200,4697
72400,22,94.9200,4697
72500,22,94.9200,4697
72600,22,94.9200,4697
72700,22,94.9200,4697
72800,22,94.9200,4697
72900,22,94.9200,4697
73000,22,94.9200,4697
73100,22,94.9200,4697
73200,22,94.9200,4697
73300,22,94.9200,4697
73400,22,94.9200,4697
73500,22,94.9200,4697
73600,22,94.9200,4697
73700,22,94.9200,4697
73800,22,94.9200,4697
73900,22,94.9200,4697
74000,22,94.9200,4697
74100,22,94.9200,4697
74200,22,94.9200,4697
74300,22,94.9200,4697
74400,22,94.9200,4697
74500,22,94.9200,4697
74600,22,94.9200,4697
74700,22,94.9200,4697
74800,22,94.9200,4697
74900,22,94.9200,4697
75000,22,94.9200,4697
75100,22,94.9200,4697
75200,22,94.9200,4697
75300,22,94.9200,4697
75400,22,94.9200,4697
75500,22,94.9200,4697
75600,22,94.9200,4697
75700,22,94.9200,4697
75800,22,94.9200,4697
75900,22,94.9200,4697
76000,22,94.9200,4697
76100,22,94.9200,4697
76200,22,94.9200,4697
76300,23,94.9200,4697
76400,23,94.9200,4697
76500,23,94.9200,4697
76600,23,94.9200,4697
76700,23,94.9200,4697
76800,23,94.9200,4697
76900,23,94.9200,4697
77000,23,94.9200,4697
77100,23,94.9200,4697
77200,23,94.9200,4697
77300,23,94.9200,4697
77400,23,94.9200,4697
77500,23,94.9200,4697
77600,23,94.9200,4697
77700,23,94.9200,4697
77800,23,94.9200,4697
77900,23,94.9200,4697
78000,23,94.9200,4697
78100,23,94.9200,4697
78200,23,94.9200,4697
78300,23,94.9200,4697
78400,23,94.9200,4697
78500,23,94.9200,4697
78600,23,94.9200,4697
78700,23,94.9200,4697
78800,23,94.9200,4697
78900,23,94.9200,4697
79000,23,94.9200,4697
79100,23,94.9200,4697
79200,23,94.9200,4697
79300,23,94.9200,4697
79400,23,94.9200,4697
79500,23,94.9200,4697
79600,23,94.9200,4697
79700,23,94.9200,4697
79800,23,94.9200,4697
79900,23,94.9200,4697
80000,23,94.9200,4697
80100,23,94.9200,4697
80200,23,94.9200,4697
80300,23,94.9200,4697
80400,23,94.9200,4697
80500,23,94.9200,4697
80600,23,94.9200,4697
80700,23,94.9200,4697
80800,23,94.9200,4697
80900,23,94.9200,4697
81000,23,94.9200,4697
81100,23,94.9200,4697
81200,23,94.9200,4697
81300,23,94.9200,4697
81400,23,94.9200,4697
81500,23,94.9200,4697
81600,23,94.9200,4697
81700,23,94.9200,4697
81800,23,94.9200,4697
81900,23,94.9200,4697
82000,23,94.9200,4697
82100,23,94.9200,4697
82200,23,94.9200,4697
82300,23,94.9200,4697
82400,23,94.9200,4697
82500,23,94.9200,4697
82600,23,94.9200,4697
82700,23,94.9200,4697
82800,23,94.9200,4697
82900,23,94.9200,4697
83000,23,94.9200,4697
83100,23,94.9200,4697
83200,23,94.9200,4697
83300,23,94.9200,4697
83400,23,94.9200,4697
83500,23,94.9200,4739
83600,23,94.9200,4863
83700,23,94.9200,4992
83800,23,94.9200,5089
83900,23,94.9200,5121
84000,23,94.9200,5152
84100,23,94.9200,5183
84200,23,94.9200,5214
84300,23,94.9200,5224
84400,24,121.6400,5282
84500,24,121.6400,5282
84600,24,121.6400,5282
84700,24,121.6400,5282
84800,24,121.6400,5282
84900,25,121.6400,5282
85000,25,121.6400,5282
85100,25,121.6400,5282
85200,25,121.6400,5282
85300,25,121.6400,5282
85400,25,121.6400,5282
85500,25,121.6400,5282
85600,25,121.6400,5282
85700,25,121.6400,5282
85800,25,121.6400,5282
85900,25,121.6400,5282
86000,25,121.6400,5282
86100,25,121.6400,5282
86200,25,121.6400,5282
86300,25,121.6400,5282
86400,25,121.6400,5282
86500,25,121.6400,5282
86600,25,121.6400,5282
86700,25,121.6400,5282
86800,25,121.6400,5282
86900,25,121.6400,5282
87000,25,121.6400,5282
87100,25,121.6400,5282
87200,25,121.6400,5282
87300,25,121.6400,5282
87400,25,121.6400,5282
87500,25,121.6400,5282
87600,25,121.6400,5282
87700,25,121.6400,5282
87800,25,121.6400,5282
87900,25,121.6400,5282
88000,25,121.6400,5282
88100,25,121.6400,5282
88200,25,121.6400,5282
88300,25,121.6400,5282
88400,25,121.6400,5282
88500,25,121.6400,5282
88600,25,121.6400,5282
88700,25,121.6400,5282
88800,25,121.6400,5282
88900,25,121.6400,5282
89000,25,121.6400,5282
89100,25,121.6400,5282
89200,25,121.6400,5282
89300,25,121.6400,5282
89400,25,121.6400,5282
89500,25,121.6400,5282
89600,25,121.6400,5282
89700,25,121.6400,5282
89800,25,121.6400,5282
89900,25,121.6400,5282
90000,25,121.6400,5282
90100,25,121.6400,5282
90200,26,121.6400,5282
90300,26,121.6400,5282
90400,26,121.6400,5282
90500,26,121.6400,5282
90600,26,121.6400,5282
90700,26,121.6400,5282
90800,26,121.6400,5282
90900,26,121.6400,5282
91000,26,121.6400,5282
91100,26,121.6400,5282
91200,26,121.6400,5282
91300,26,121.6400,5282
91400,26,121.6400,5282
91500,26,121.6400,5282
91600,26,121.6400,5282
91700,26,121.6400,5282
91800,26,121.6400,5282
91900,26,121.6400,5282
92000,26,121.6400,5282
92100,26,121.6400,5282
92200,26,121.6400,5282
92300,26,121.6400,5282
92400,26,121.6400,5282
92500,26,121.6400,5282
92600,26,121.6400,5282
92700,26,121.6400,5282
92800,26,121.6400,5282
92900,26,121.6400,5282
93000,26,121.6400,5282
93100,26,121.6400,5282
93200,26,121.6400,5282
93300,26,121.6400,5282
93400,26,121.6400,5282
93500,26,121.6400,5282
93600,26,121.6400,5282
93700,26,121.6400,5282
93800,26,121.6400,5282
93900,26,121.6400,5282
94000,26,121.6400,5282
94100,26,121.6400,5282
94200,26,121.6400,5282
94300,26,121.6400,5282
94400,26,121.6400,5282
94500,26,121.6400,5282
94600,26,121.6400,5282
94700,26,121.6400,5282
94800,26,121.6400,5282
94900,26,121.6400,5282
95000,26,121.6400,5282
95100,26,121.6400,5282
95200,26,121.6400,5282
95300,26,121.6400,5282
95400,26,121.6400,5282
95500,26,121.6400,5282
95600,27,121.6400,5282
95700,27,121.6400,5282
95800,27,121.6400,5282
95900,27,121.6400,5282
96000,27,121.6400,5282
96100,27,121.6400,5282
96200,27,121.6400,5282
96300,27,121.6400,5282
96400,27,121.6400,5282
96500,27,121.6400,5282
96600,27,121.6400,5282
96700,27,121.6400,5282
96800,27,121.6400,5282
96900,27,121.6400,5282
97000,27,121.6400,5282
97100,27,121.6400,5282
97200,27,121.6400,5282
97300,28,121.6400,5282
97400,28,121.6400,5282
97500,28,121.6400,5282
97600,28,121.6400,5282
97700,28,121.6400,5282
97800,28,121.6400,5282
97900,28,121.6400,5282
98000,28,121.6400,5282
98100,28,121.6400,5282
98200,28,121.6400,5282
98300,28,121.6400,5282
98400,28,121.6400,5282
98500,28,121.6400,5282
98600,28,121.6400,5282
98700,28,121.6400,5282
98800,29,121.6400,5282
98900,29,121.6400,5282
99000,29,121.6400,5282
99100,29,121.6400,5282
99200,29,121.6400,5282
99300,30,121.6400,5282
99400,30,121.6400,5282
99500,30,121.6400,5282
99600,30,121.6400,5282
99700,30,121.6400,5282
99800,30,121.6400,5282
99900,30,121.6400,5282
100000,30,121.6400,5282
100100,30,121.6400,5282
100200,30,121.6400,5282
100300,30,121.6400,5282
100400,30,121.6400,5282
100500,30,121.6400,5282
100600,30,121.6400,5282
100700,30,121.6400,5282
100800,30,121.6400,5282
100900,30,121.6400,5282
101000,30,121.6400,5282
101100,30,121.6400,5282
101200,30,121.6400,5282
101300,30,121.6400,5282
101400,30,121.6400,5282
101500,30,121.6400,5282
101600,30,121.6400,5282
101700,30,121.6400,5282
101800,30,121.6400,5282
101900,30,121.6400,5282
102000,30,121.6400,5282
102100,30,121.6400,5282
102200,30,121.6400,5282
102300,30,121.6400,5282
102400,30,121.6400,5282
102500,30,121.6400,5282
102600,30,121.6400,5282
102700,30,121.6400,5282
102800,30,121.6400,5282
102900,30,121.6400,5282
103000,30,121.6400,5282
103100,30,121.6400,5282
103200,30,121.6400,5282
103300,30,121.6400,5282
103400,30,121.6400,5282
103500,30,121.6400,5282
103600,30,121.6400,5282
103700,30,121.6400,5282
103800,30,121.6400,5282
103900,30,121.6400,5282
104000,30,121.6400,5282
104100,30,121.6400,5282
104200,30,121.6400,5282
104300,30,121.6400,5282
104400,30,121.6400,5282
104500,30,121.6400,5282
104600,30,121.6400,5282
104700,30,121.6400,5282
104800,30,121.6400,5282
104900,30,121.6400,5282
105000,30,121.6400,5282
105100,30,121.6400,5282
105200,30,121.6400,5282
105300,30,121.6400,5282
105400,30,121.6400,5282
105500,30,121.6400,5282
105600,30,121.6400,5282
105700,30,121.6400,5282
105800,30,121.6400,5282
105900,30,121.6400,5282
106000,30,121.6400,5282
106100,30,121.6400,5282
106200,30,121.6400,5282
106300,30,121.6400,5282
106400,30,121.6400,5282
106500,30,121.6400,5282
106600,30,121.6400,5282
106700,30,121.6400,5282
106800,30,121.6400,5282
106900,30,121.6400,5282
107000,30,121.6400,5282
107100,30,121.6400,5282
107200,30,121.6400,5282
107300,30,121.6400,5282
107400,30,121.6400,5282
107500,30,121.6400,5282
107600,30,121.6400,5282
107700,30,121.6400,5282
107800,30,121.6400,5282
107900,30,121.6400,5282
108000,30,121.6400,5282
108100,30,121.6400,5282
108200,30,121.6400,5282
108300,30,121.6400,5282
108400,30,121.6400,5282
108500,30,121.6400,5282
108600,30,121.6400,5282
108700,30,121.6400,5282
108800,30,121.6400,5282
108900,30,121.6400,5282
109000,30,121.6400,5282
109100,30,121.6400,5282
109200,30,121.6400,5282
109300,30,121.6400,5282
109400,30,121.6400,5282
109500,30,121.6400,5282
109600,30,121.6400,5282
109700,30,121.6400,5282
109800,30,121.6400,5282
109900,30,121.6400,5282
110000,30,121.6400,5282
110100,30,121.6400,5282
110200,30,121.6400,5282
110300,30,121.6400,5282
110400,30,121.6400,5282
110500,30,121.6400,5282
110600,30,121.6400,5282
110700,30,121.6400,5282
110800,30,121.6400,5282
110900,30,121.6400,5282
111000,30,121.6400,5282
111100,30,121.6400,5282
111200,30,121.6400,5282
111300,30,121.6400,5282
111400,30,121.6400,5282
111500,30,121.6400,5282
111600,30,121.6400,5282
111700,30,121.6400,5282
111800,30,121.6400,5282
111900,30,121.6400,5282
112000,30,121.6400,5282
112100,30,121.6400,5282
112200,30,121.6400,5282
112300,30,121.6400,5282
112400,30,121.6400,5282
112500,30,121.6400,5282
112600,30,121.6400,5282
112700,30,121.6400,5282
112800,30,121.6400,5282
112900,30,121.6400,5282
113000,30,121.6400,5282
113100,30,121.6400,5282
113200,30,121.6400,5282
113300,30,121.6400,5282
113400,30,121.6400,5282
113500,30,121.6400,5282
113600,30,121.6400,5282
113700,30,121.6400,5282
113800,30,121.6400,5282
113900,30,121.6400,5282
114000,30,121.6400,5282
114100,30,121.6400,5282
114200,30,121.6400,5282
114300,30,121.6400,5282
114400,30,121.6400,5282
114500,30,121.6400,5282
114600,30,121.6400,5282
114700,30,121.6400,5282
114800,30,121.6400,5282
114900,30,121.6400,5282
115000,30,121.6400,5282
115100,30,121.6400,5282
115200,30,121.6400,5282
115300,30,121.6400,5282
115400,30,121.6400,5282
115500,30,121.6400,5282
115600,30,121.6400,5282
115700,30,121.6400,5282
115800,30,121.6400,5282
115900,30,121.6400,5282
116000,30,121.6400,5282
116100,30,121.6400,5282
116200,30,121.6400,5282
116300,30,121.6400,5282
116400,30,121.6400,5282
116500,30,121.6400,5282
116600,30,121.6400,5282
116700,30,121.6400,5282
116800,30,121.6400,5282
116900,30,121.6400,5282
117000,30,121.6400,5282
117100,30,121.6400,5282
117200,30,121.6400,5282
117300,30,121.6400,5282
117400,30,121.6400,5282
117500,30,121.6400,5282
117600,30,121.6400,5282
117700,30,121.6400,5282
117800,30,121.6400,5282
117900,30,121.6400,5282
118000,30,121.6400,5282
118100,30,121.6400,5282
118200,30,121.6400,5282
118300,30,121.6400,5282
118400,30,121.6400,5282
118500,30,121.6400,5282
118600,30,121.6400,5282
118700,30,121.6400,5282
118800,30,121.6400,5282
118900,31,121.6400,5282
119000,31,121.6400,5282
119100,31,121.6400,5282
119200,31,121.6400,5282
119300,31,121.6400,5282
119400,31,121.6400,5282
119500,31,121.6400,5282
119600,31,121.6400,5282
119700,31,121.6400,5282
119800,31,121.6400,5282
119900,31,121.6400,5282
120000,31,121.6400,5282
120100,31,121.6400,5282
120200,31,121.6400,5282
120300,31,121.6400,5282
120400,31,121.6400,5282
120500,31,121.6400,5282
120600,31,121.6400,5282
120700,31,121.6400,5282
120800,31,121.6400,5282
120900,31,121.6400,5282
121000,31,121.6400,5282
121100,31,121.6400,5282
121200,31,121.6400,5282
121300,31,121.6400,5282
121400,31,121.6400,5282
121500,31,121.6400,5282
121600,31,121.6400,5282
121700,31,121.6400,5282
121800,31,121.6400,5282
121900,31,121.6400,5282
122000,31,121.6400,5282
122100,31,121.6400,5282
122200,31,121.6400,5282
122300,31,121.6400,5282
122400,31,121.6400,5282
122500,31,121.6400,5282
122600,31,121.6400,5282
122700,31,121.6400,5282
122800,31,121.6400,5282
122900,31,121.6400,5282
123000,31,121.6400,5282
123100,31,121.6400,5282
123200,31,121.6400,5282
123300,31,121.6400,5282
123400,31,121.6400,5282
123500,31,121.6400,5282
123600,31,121.6400,5282
123700,31,121.6400,5282
123800,31,121.6400,5282
123900,31,121.6400,5282
124000,31,121.6400,5282
124100,31,121.6400,5282
124200,31,121.6400,5282
124300,31,121.6400,5282
124400,31,121.6400,5282
124500,31,121.6400,5282
124600,31,121.6400,5282
124700,31,121.6400,5282
124800,31,121.6400,5282
124900,31,121.6400,5282
125000,31,121.6400,5282
125100,31,121.6400,5282
125200,31,121.6400,5282
125300,31,121.6400,5282
125400,31,121.6400,5282
125500,31,121.6400,5282
125600,31,121.6400,5282
125700,31,121.6400,5282
125800,31,121.6400,5282
125900,31,121.6400,5282
126000,31,121.6400,5282
126100,31,121.6400,5282
126200,31,121.6400,5282
126300,31,121.6400,5282
126400,31,121.6400,5282
126500,31,121.6400,5282
126600,31,121.6400,5282
126700,31,121.6400,5282
126800,31,121.6400,5282
126900,32,121.6400,5282
127000,32,121.6400,5282
127100,32,121.6400,5282
127200,32,121.6400,5282
127300,32,121.6400,5282
127400,32,121.6400,5282
127500,32,121.6400,5282
127600,32,121.6400,5282
127700,32,121.6400,5282
127800,32,121.6400,5282
127900,32,121.6400,5282
128000,32,121.6400,5282
128100,32,121.6400,5282
128200,32,121.6400,5282
128300,32,121.6400,5282
128400,32,121.6400,5282
128500,32,121.6400,5282
128600,32,121.6400,5282
128700,32,121.6400,5282
128800,32,121.6400,5282
128900,32,121.6400,5282
129000,32,121.6400,5282
129100,32,121.6400,5282
129200,32,121.6400,5282
129300,32,121.6400,5282
129400,32,121.6400,5282
129500,32,121.6400,5282
129600,32,121.6400,5282
129700,32,121.6400,5282
129800,32,121.6400,5282
129900,32,121.6400,5282
130000,32,121.6400,5282
130100,32,121.6400,5282
130200,32,121.6400,5282
130300,32,121.6400,5282
130400,32,121.6400,5282
130500,32,121.6400,5282
130600,32,121.6400,5282
130700,32,121.6400,5282
130800,32,121.6400,5282
130900,32,121.6400,5282
131000,32,121.6400,5282
131100,32,121.6400,5282
131200,32,121.6400,5282
131300,32,121.6400,5282
131400,32,121.6400,5282
131500,32,121.6400,5282
131600,32,121.6400,5282
131700,32,121.6400,5282
131800,32,121.6400,5282
131900,32,121.6400,5282
132000,32,121.6400,5282
132100,32,121.6400,5282
132200,33,121.6400,5282
132300,33,121.6400,5282
132400,33,121.6400,5282
132500,33,121.6400,5282
132600,33,121.6400,5282
132700,33,121.6400,5282
132800,33,121.6400,5282
132900,33,121.6400,5282
133000,33,121.6400,5282
133100,33,121.6400,5282
133200,33,121.6400,5282
133300,33,121.6400,5282
133400,33,121.6400,5282
133500,33,121.6400,5282
133600,33,121.6400,5282
133700,33,121.6400,5282
133800,33,121.6400,5282
133900,33,121.6400,5282
134000,33,121.6400,5282
134100,33,121.6400,5282
134200,33,121.6400,5282
134300,33,121.6400,5282
134400,33,121.6400,5282
134500,33,121.6400,5282
134600,33,121.6400,5282
134700,33,121.6400,5282
134800,33,121.6400,5282
134900,33,121.6400,5282
135000,33,121.6400,5282
135100,33,121.6400,5282
135200,33,121.6400,5282
135300,33,121.6400,5282
135400,33,121.6400,5282
135500,33,121.6400,5282
135600,33,121.6400,5282
135700,33,121.6400,5282
135800,33,121.6400,5282
135900,33,121.6400,5282
136000,33,121.6400,5282
136100,33,121.6400,5282
136200,33,121.6400,5282
136300,33,121.6400,5282
136400,33,121.6400,5282
136500,33,121.6400,5282
136600,33,121.6400,5282
136700,33,121.6400,5282
136800,33,121.6400,5282
136900,33,121.6400,5282
137000,33,121.6400,5282
137100,33,121.6400,5282
137200,33,121.6400,5282
137300,33,121.6400,5282
137400,33,121.6400,5282
137500,33,121.6400,5282
137600,33,121.6400,5282
137700,33,121.6400,5282
137800,33,121.6400,5282
137900,33,121.6400,5282
138000,33,121.6400,5282
138100,33,121.6400,5282
138200,33,121.6400,5282
138300,33,121.6400,5282
138400,33,121.6400,5282
138500,33,121.6400,5282
138600,33,121.6400,5282
138700,33,121.6400,5282
138800,33,121.6400,5282
138900,33,121.6400,5282
139000,33,121.6400,5282
139100,33,121.6400,5282
139200,33,121.6400,5282
139300,33,121.6400,5282
139400,33,121.6400,5282
139500,33,121.6400,5282
139600,33,121.6400,5282
139700,33,121.6400,5282
139800,33,121.6400,5282
139900,33,121.6400,5282
140000,33,121.6400,5282
140100,33,121.6400,5282
140200,33,121.6400,5282
140300,33,121.6400,5282
140400,33,121.6400,5282
140500,33,121.6400,5282
140600,33,121.6400,5282
140700,33,121.6400,5282
140800,33,121.6400,5282
140900,33,121.6400,5282
141000,33,121.6400,5282
141100,33,121.6400,5282
141200,33,121.6400,5282
141300,33,121.6400,5282
141400,33,121.6400,5282
141500,33,121.6400,5282
141600,33,121.6400,5282
141700,33,121.6400,5282
141800,33,121.6400,5282
141900,33,121.6400,5282
142000,33,121.6400,5282
142100,33,121.6400,5282
142200,33,121.6400,5282
142300,33,121.6400,5282
142400,33,121.6400,5282
142500,33,121.6400,5282
142600,33,121.6400,5282
142700,33,121.6400,5282
142800,33,121.6400,5282
142900,33,121.6400,5282
143000,33,121.6400,5282
143100,33,121.6400,5282
143200,33,121.6400,5282
143300,33,121.6400,5282
143400,33,121.6400,5282
143500,33,121.6400,5282
143600,33,121.6400,5282
143700,33,121.6400,5282
143800,33,121.6400,5282
143900,33,121.6400,5282
144000,33,121.6400,5282
144100,33,121.6400,5282
144200,33,121.6400,5282
144300,33,121.6400,5282
144400,33,121.6400,5282
144500,33,121.6400,5282
144600,33,121.6400,5282
144700,33,121.6400,5282
144800,33,121.6400,5282
144900,33,121.6400,5282
145000,33,121.6400,5282
145100,33,121.6400,5282
145200,33,121.6400,5282
145300,33,121.6400,5282
145400,33,121.6400,5282
145500,33,121.6400,5282
145600,33,121.6400,5282
145700,33,121.6400,5282
145800,33,121.6400,5282
145900,33,121.6400,5282
146000,33,121.6400,5282
146100,33,121.6400,5282
146200,33,121.6400,5282
146300,33,121.6400,5282
146400,33,121.6400,5282
146500,33,121.6400,5282
146600,33,121.6400,5282
146700,33,121.6400,5282
146800,33,121.6400,5282
146900,33,121.6400,5282
147000,33,121.6400,5282
147100,33,121.6400,5282
147200,33,121.6400,5282
147300,33,121.6400,5282
147400,33,121.6400,5282
147500,33,121.6400,5282
147600,33,121.6400,5282
147700,33,121.6400,5282
147800,33,121.6400,5282
147900,33,121.6400,5282
148000,33,121.6400,5282
148100,33,121.6400,5282
148200,33,121.6400,5282
148300,33,121.6400,5282
148400,33,121.6400,5282
148500,33,121.6400,5282
148600,33,121.6400,5282
148700,33,121.6400,5282
148800,33,121.6400,5282
148900,33,121.6400,5282
149000,33,121.6400,5282
149100,33,121.6400,5282
149200,33,121.6400,5282
149300,33,121.6400,5282
149400,33,121.6400,5282
149500,33,121.6400,5282
149600,33,121.6400,5282
149700,33,121.6400,5282
149800,33,121.6400,5282
149900,33,121.6400,5282
150000,33,121.6400,5282
150100,33,121.6400,5282
150200,33,121.6400,5282
150300,33,121.6400,5282
150400,33,121.6400,5282
150500,33,121.6400,5282
150600,33,121.6400,5282
150700,33,121.6400,5282
150800,33,121.6400,5282
150900,33,121.6400,5282
151000,33,121.6400,5282
151100,33,121.6400,5282
151200,33,121.6400,5282
151300,33,121.6400,5282
151400,33,121.6400,5282
151500,33,121.6400,5282
151600,33,121.6400,5282
151700,33,121.6400,5282
151800,33,121.6400,5282
151900,33,121.6400,5282
152000,33,121.6400,5282
152100,33,121.6400,5282
152200,33,121.6400,5282
152300,33,121.6400,5282
152400,33,121.6400,5282
152500,33,121.6400,5282
152600,33,121.6400,5282
152700,33,121.6400,5282
152800,33,121.6400,5282
152900,33,121.6400,5282
153000,33,121.6400,5282
153100,33,121.6400,5282
153200,33,121.6400,5282
153300,33,121.6400,5282
153400,33,121.6400,5282
153500,33,121.6400,5282
153600,33,121.6400,5282
153700,33,121.6400,5282
153800,33,121.6400,5282
153900,33,121.6400,5282
154000,33,121.6400,5282
154100,33,121.6400,5282
154200,33,121.6400,5282
154300,33,121.6400,5282
154400,33,121.6400,5282
154500,33,121.6400,5282
154600,33,121.6400,5282
154700,33,121.6400,5282
154800,33,121.6400,5282
154900,33,121.6400,5282
155000,33,121.6400,5282
155100,33,121.6400,5282
155200,33,121.6400,5282
155300,33,121.6400,5282
155400,33,121.6400,5282
155500,33,121.6400,5282
155600,33,121.6400,5282
155700,33,121.6400,5282
155800,33,121.6400,5282
155900,33,121.6400,5282
156000,33,121.6400,5282
156100,33,121.6400,5282
156200,33,121.6400,5282
156300,33,121.6400,5282
156400,33,121.6400,5282
156500,33,121.6400,5282
156600,33,121.6400,5282
156700,33,121.6400,5282
156800,33,121.6400,5282
156900,33,121.6400,5282
157000,33,121.6400,5282
157100,33,121.6400,5282
157200,33,121.6400,5282
157300,33,121.6400,5282
157400,33,121.6400,5282
157500,33,121.6400,5282
157600,33,121.6400,5282
157700,33,121.6400,5282
157800,33,121.6400,5282
157900,33,121.6400,5282
158000,33,121.6400,5282
158100,33,121.6400,5282
158200,33,121.6400,5282
158300,33,121.6400,5282
158400,33,121.6400,5282
158500,33,121.6400,5282
158600,33,121.6400,5282
158700,33,121.6400,5282
158800,33,121.6400,5282
158900,33,121.6400,5282
159000,33,121.6400,5282
159100,33,121.6400,5282
159200,33,121.6400,5282
159300,33,121.6400,5282
159400,33,121.6400,5282
159500,33,121.6400,5282
159600,33,121.6400,5282
159700,33,121.6400,5282
159800,33,121.6400,5282
159900,33,121.6400,5282
160000,33,121.6400,5282
160100,33,121.6400,5282
160200,33,121.6400,5282
160300,33,121.6400,5282
160400,33,121.6400,5282
160500,33,121.6400,5282
160600,33,121.6400,5282
160700,33,121.6400,5282
160800,33,121.6400,5282
160900,33,121.6400,5282
161000,33,121.6400,5282
161100,33,121.6400,5282
161200,33,121.6400,5282
161300,33,121.6400,5282
161400,33,121.6400,5282
161500,33,121.6400,5282
161600,33,121.6400,5282
161700,33,121.6400,5282
161800,33,121.6400,5282
161900,33,121.6400,5282
162000,33,121.6400,5282
162100,33,121.6400,5282
162200,33,121.6400,5282
162300,33,121.6400,5282
162400,33,121.6400,5282
162500,33,121.6400,5282
162600,33,121.6400,5282
162700,33,121.6400,5282
162800,33,121.6400,5282
162900,33,121.6400,5282
163000,33,121.6400,5282
163100,33,121.6400,5282
163200,33,121.6400,5282
163300,33,121.6400,5282
163400,33,121.6400,5282
163500,33,121.6400,5282
163600,33,121.6400,5282
163700,33,121.6400,5282
163800,33,121.6400,5282
163900,33,121.6400,5282
164000,34,121.6400,5282
164100,34,121.6400,5282
164200,34,121.6400,5282
164300,34,121.6400,5282
164400,34,121.6400,5282
164500,34,121.6400,5282
164600,34,121.6400,5282
164700,34,121.6400,5282
164800,34,121.6400,5282
164900,34,121.6400,5282
165000,34,121.6400,5282
165100,34,121.6400,5282
165200,34,121.6400,5282
165300,34,121.6400,5282
165400,34,121.6400,5282
165500,34,121.6400,5282
165600,34,121.6400,5282
165700,34,121.6400,5282
165800,34,121.6400,5282
165900,34,121.6400,5282
166000,34,121.6400,5282
166100,34,121.6400,5282
166200,34,121.6400,5282
166300,34,121.6400,5282
166400,34,121.6400,5282
166500,34,121.6400,5282
166600,34,121.6400,5282
166700,34,121.6400,5282
166800,34,121.6400,5282
166900,34,121.6400,5282
167000,34,121.6400,5282
167100,34,121.6400,5282
167200,34,121.6400,5282
167300,34,121.6400,5282
167400,34,121.6400,5282
167500,34,121.6400,5282
167600,34,121.6400,5282
167700,34,121.6400,5282
167800,34,121.6400,5282
167900,34,121.6400,5282
168000,34,121.6400,5282
168100,34,121.6400,5282
168200,34,121.6400,5282
168300,34,121.6400,5282
168400,34,121.6400,5282
168500,34,121.6400,5282
168600,34,121.6400,5282
168700,34,121.6400,5282
168800,34,121.6400,5282
168900,34,121.6400,5282
169000,34,121.6400,5282
169100,34,121.6400,5282
169200,34,121.6400,5282
169300,34,121.6400,5282
169400,34,121.6400,5282
169500,34,121.6400,5282
169600,34,121.6400,5282
169700,34,121.6400,5282
169800,34,121.6400,5282
169900,34,121.6400,5282
170000,34,121.6400,5282
170100,34,121.6400,5282
170200,34,121.6400,5282
170300,34,121.6400,5282
170400,34,121.6400,5282
170500,34,121.6400,5282
170600,34,121.6400,5282
170700,34,121.6400,5282
170800,34,121.6400,5282
170900,34,121.6400,5282
171000,34,121.6400,5282
171100,34,121.6400,5282
171200,34,121.6400,5282
171300,34,121.6400,5282
171400,34,121.6400,5282
171500,34,121.6400,5282
171600,34,121.6400,5282
171700,34,121.6400,5282
171800,34,121.6400,5282
171900,34,121.6400,5282
172000,34,121.6400,5282
172100,34,121.6400,5282
172200,34,121.6400,5282
172300,34,121.6400,5282
172400,34,121.6400,5282
172500,34,121.6400,5282
172600,34,121.6400,5282
172700,34,121.6400,5282
172800,34,121.6400,5282
172900,34,121.6400,5282
173000,34,121.6400,5282
173100,34,121.6400,5282
173200,34,121.6400,5282
173300,34,121.6400,5282
173400,34,121.6400,5282
173500,34,121.6400,5282
173600,34,121.6400,5282
173700,34,121.6400,5282
173800,34,121.6400,5282
173900,34,121.6400,5282
174000,34,121.6400,5282
174100,34,121.6400,5282
174200,34,121.6400,5282
174300,34,121.6400,5282
174400,34,121.6400,5282
174500,34,121.6400,5282
174600,34,121.6400,5282
174700,34,121.6400,5282
174800,34,121.6400,5282
174900,34,121.6400,5282
175000,34,121.6400,5282
175100,34,121.6400,5282
175200,34,121.6400,5282
175300,34,121.6400,5282
175400,34,121.6400,5282
175500,34,121.6400,5282
175600,34,121.6400,5282
175700,34,121.6400,5282
175800,34,121.6400,5282
175900,34,121.6400,5282
176000,34,121.6400,5282
176100,34,121.6400,5282
176200,34,121.6400,5282
176300,34,121.6400,5282
176400,34,121.6400,5282
176500,34,121.6400,5282
176600,34,121.6400,5282
176700,34,121.6400,5282
176800,34,121.6400,5282
176900,34,121.6400,5282
177000,34,121.6400,5282
177100,34,121.6400,5282
177200,34,121.6400,5282
177300,34,121.6400,5282
177400,34,121.6400,5282
177500,34,121.6400,5282
177600,34,121.6400,5282
177700,34,121.6400,5282
177800,34,121.6400,5282
177900,34,121.6400,5282
178000,34,121.6400,5282
178100,34,121.6400,5282
178200,34,121.6400,5282
178300,34,121.6400,5282
178400,34,121.6400,5282
178500,34,121.6400,5282
178600,34,121.6400,5282
178700,34,121.6400,5282
178800,34,121.6400,5282
178900,34,121.6400,5282
179000,34,121.6400,5282
179100,34,121.6400,5282
179200,34,121.6400,5282
179300,34,121.6400,5282
179400,34,121.6400,5282
179500,34,121.6400,5282
179600,34,121.6400,5282
179700,34,121.6400,5282
179800,34,121.6400,5282
179900,34,121.6400,5282
180000,34,121.6400,5282
180100,34,121.6400,5282
180200,34,121.6400,5282
180300,34,121.6400,5282
180400,34,121.6400,5282
180500,34,121.6400,5282
180600,34,121.6400,5282
180700,34,121.6400,5282
180800,34,121.6400,5282
180900,34,121.6400,5282
181000,34,121.6400,5282
181100,34,121.6400,5282
181200,34,121.6400,5282
181300,34,121.6400,5282
181400,34,121.6400,5282
181500,34,121.6400,5282
181600,34,121.6400,5282
181700,34,121.6400,5282
181800,34,121.6400,5282
181900,34,121.6400,5282
182000,34,121.6400,5282
182100,34,121.6400,5282
182200,34,121.6400,5282
182300,34,121.6400,5282
182400,34,121.6400,5282
182500,34,121.6400,5282
182600,34,121.6400,5282
182700,34,121.6400,5282
182800,34,121.6400,5282
182900,34,121.6400,5282
183000,34,121.6400,5282
183100,34,121.6400,5282
183200,34,121.6400,5282
183300,34,121.6400,5282
183400,34,121.6400,5282
183500,34,121.6400,5282
183600,34,121.6400,5282
183700,34,121.6400,5282
183800,34,121.6400,5282
183900,34,121.6400,5282
184000,34,121.6400,5282
184100,34,121.6400,5282
184200,34,121.6400,5282
184300,34,121.6400,5282
184400,34,121.6400,5282
184500,34,121.6400,5282
184600,34,121.6400,5282
184700,34,121.6400,5282
184800,34,121.6400,5282
184900,34,121.6400,5282
185000,34,121.6400,5282
185100,34,121.6400,5282
185200,34,121.6400,5282
185300,34,121.6400,5282
185400,34,121.6400,5282
185500,34,121.6400,5282
185600,34,121.6400,5282
185700,34,121.6400,5282
185800,34,121.6400,5282
185900,34,121.6400,5282
186000,34,121.6400,5282
186100,34,121.6400,5282
186200,34,121.6400,5282
186300,34,121.6400,5282
186400,34,121.6400,5282
186500,34,121.6400,5282
186600,34,121.6400,5282
186700,34,121.6400,5282
186800,34,121.6400,5282
186900,34,121.6400,5282
187000,34,121.6400,5282
187100,34,121.6400,5282
187200,34,121.6400,5282
187300,34,121.6400,5282
187400,34,121.6400,5282
187500,34,121.6400,5282
187600,34,121.6400,5282
187700,34,121.6400,5282
187800,34,121.6400,5282
187900,34,121.6400,5282
188000,34,121.6400,5282
188100,34,121.6400,5282
188200,34,121.6400,5282
188300,34,121.6400,5282
188400,34,121.6400,5282
188500,34,121.6400,5282
188600,34,121.6400,5282
188700,34,121.6400,5282
188800,34,121.6400,5282
188900,34,121.6400,5282
189000,34,121.6400,5282
189100,34,121.6400,5282
189200,34,121.6400,5282
189300,34,121.6400,5282
189400,34,121.6400,5282
189500,34,121.6400,5282
189600,34,121.6400,5282
189700,34,121.6400,5282
189800,34,121.6400,5282
189900,34,121.6400,5282
190000,34,121.6400,5282
190100,34,121.6400,5282
190200,34,121.6400,5282
190300,34,121.6400,5282
190400,34,121.6400,5282
190500,34,121.6400,5282
190600,34,121.6400,5282
190700,34,121.6400,5282
190800,34,121.6400,5282
190900,34,121.6400,5282
191000,34,121.6400,5282
191100,34,121.6400,5282
191200,34,121.6400,5282
191300,34,121.6400,5282
191400,34,121.6400,5282
191500,34,121.6400,5282
191600,34,121.6400,5282
191700,34,121.6400,5282
191800,34,121.6400,5282
191900,34,121.6400,5282
192000,34,121.6400,5282
192100,34,121.6400,5282
192200,34,121.6400,5282
192300,34,121.6400,5282
192400,34,121.6400,5282
192500,34,121.6400,5282
192600,34,121.6400,5282
192700,34,121.6400,5282
192800,34,121.6400,5282
192900,34,121.6400,5282
193000,34,121.6400,5282
193100,34,121.6400,5282
193200,34,121.6400,5282
193300,34,121.6400,5282
193400,34,121.6400,5282
193500,34,121.6400,5282
193600,34,121.6400,5282
193700,34,121.6400,5282
193800,34,121.6400,5282
193900,34,121.6400,5282
194000,34,121.6400,5282
194100,34,121.6400,5282
194200,34,121.6400,5282
194300,34,121.6400,5282
194400,34,121.6400,5282
194500,34,121.6400,5282
194600,34,121.6400,5282
194700,34,121.6400,5282
194800,34,121.6400,5282
194900,34,121.6400,5282
195000,34,121.6400,5282
195100,34,121.6400,5282
195200,34,121.6400,5282
195300,34,121.6400,5282
195400,34,121.6400,5282
195500,34,121.6400,5282
195600,34,121.6400,5282
195700,34,121.6400,5282
195800,34,121.6400,5282
195900,34,121.6400,5282
196000,34,121.6400,5282
196100,34,121.6400,5282
196200,34,121.6400,5282
196300,34,121.6400,5282
196400,34,121.6400,5282
196500,34,121.6400,5282
196600,34,121.6400,5282
196700,34,121.6400,5282
196800,34,121.6400,5282
196900,34,121.6400,5282
197000,34,121.6400,5282
197100,34,121.6400,5282
197200,34,121.6400,5282
197300,34,121.6400,5282
197400,34,121.6400,5282
197500,34,121.6400,5282
197600,34,121.6400,5282
197700,34,121.6400,5282
197800,34,121.6400,5282
197900,34,121.6400,5282
198000,34,121.6400,5282
198100,34,121.6400,5282
198200,34,121.6400,5282
198300,34,121.6400,5282
198400,34,121.6400,5282
198500,34,121.6400,5282
198600,34,121.6400,5282
198700,34,121.6400,5282
198800,34,121.6400,5282
198900,34,121.6400,5282
199000,34,121.6400,5282
199100,34,121.6400,5282
199200,34,121.6400,5282
199300,34,121.6400,5282
199400,34,121.6400,5282
199500,34,121.6400,5282
199600,34,121.6400,5282
199700,34,121.6400,5282
199800,34,121.6400,5282
199900,34,121.6400,5282
200000,34,121.6400,5282
200100,34,121.6400,5282
200200,34,121.6400,5282
200300,34,121.6400,5282
200400,34,121.6400,5282
200500,34,121.6400,5282
200600,34,121.6400,5282
200700,34,121.6400,5282
200800,34,121.6400,5282
200900,34,121.6400,5282
201000,34,121.6400,5282
201100,34,121.6400,5282
201200,34,121.6400,5282
201300,34,121.6400,5282
201400,34,121.6400,5282
201500,34,121.6400,5282
201600,34,121.6400,5282
201700,34,121.6400,5282
201800,34,121.6400,5282
201900,34,121.6400,5282
202000,34,121.6400,5282
202100,34,121.6400,5282
202200,34,121.6400,5282
202300,34,121.6400,5282
202400,34,121.6400,5282
202500,35,121.6400,5282
202600,35,121.6400,5282
202700,35,121.6400,5282
202800,35,121.6400,5282
202900,35,121.6400,5282
203000,35,121.6400,5282
203100,35,121.6400,5282
203200,35,121.6400,5282
203300,35,121.6400,5282
203400,35,121.6400,5282
203500,35,121.6400,5282
203600,35,121.6400,5282
203700,35,121.6400,5282
203800,35,121.6400,5282
203900,35,121.6400,5282
204000,35,121.6400,5282
204100,35,121.6400,5282
204200,35,121.6400,5282
204300,35,121.6400,5282
204400,35,121.6400,5282
204500,35,121.6400,5282
204600,35,121.6400,5282
204700,35,121.6400,5282
204800,35,121.6400,5282
204900,35,121.6400,5282
205000,35,121.6400,5282
205100,35,121.6400,5282
205200,35,121.6400,5282
205300,35,121.6400,5282
205400,35,121.6400,5282
205500,35,121.6400,5282
205600,35,121.6400,5282
205700,35,121.6400,5282
205800,35,121.6400,5282
205900,35,121.6400,5282
206000,35,121.6400,5282
206100,35,121.6400,5282
206200,35,121.6400,5282
206300,35,121.6400,5282
206400,35,121.6400,5282
206500,35,121.6400,5282
206600,35,121.6400,5282
206700,35,121.6400,5282
206800,35,121.6400,5282
206900,35,121.6400,5282
207000,35,121.6400,5282
207100,35,121.6400,5282
207200,35,121.6400,5282
207300,35,121.6400,5282
207400,35,121.6400,5282
207500,35,121.6400,5282
207600,35,121.6400,5282
207700,35,121.6400,5282
207800,35,121.6400,5282
207900,35,121.6400,5282
208000,35,121.6400,5282
208100,35,121.6400,5282
208200,35,121.6400,5282
208300,35,121.6400,5282
208400,35,121.6400,5282
208500,35,121.6400,5282
208600,35,121.6400,5282
208700,35,121.6400,5282
208800,35,121.6400,5282
208900,35,121.6400,5282
209000,35,121.6400,5282
209100,35,121.6400,5282
209200,35,121.6400,5282
209300,35,121.6400,5282
209400,35,121.6400,5282
209500,35,121.6400,5282
209600,35,121.6400,5282
209700,35,121.6400,5282
209800,35,121.6400,5282
209900,35,121.6400,5282
210000,35,121.6400,5282
210100,35,121.6400,5282
210200,35,121.6400,5282
210300,35,121.6400,5282
210400,35,121.6400,5282
210500,35,121.6400,5282
210600,35,121.6400,5282
210700,35,121.6400,5282
210800,35,121.6400,5282
210900,35,121.6400,5282
211000,35,121.6400,5282
211100,35,121.6400,5282
211200,35,121.6400,5282
211300,35,121.6400,5282
211400,35,121.6400,5282
211500,35,121.6400,5282
211600,35,121.6400,5282
211700,35,121.6400,5282
211800,35,121.6400,5282
211900,35,121.6400,5282
212000,35,121.6400,5282
212100,35,121.6400,5282
212200,35,121.6400,5282
212300,35,121.6400,5282
212400,35,121.6400,5282
212500,35,121.6400,5282
212600,35,121.6400,5282
212700,35,121.6400,5282
212800,35,121.6400,5282
212900,35,121.6400,5282
213000,35,121.6400,5282
213100,35,121.6400,5282
213200,35,121.6400,5282
213300,35,121.6400,5282
213400,35,121.6400,5282
213500,35,121.6400,5282
213600,35,121.6400,5282
213700,35,121.6400,5282
213800,35,121.6400,5282
213900,35,121.6400,5282
214000,35,121.6400,5282
214100,35,121.6400,5282
214200,35,121.6400,5282
214300,35,121.6400,5282
214400,35,121.6400,5282
214500,35,121.6400,5282
214600,35,121.6400,5282
214700,35,121.6400,5282
214800,35,121.6400,5282
214900,35,121.6400,5282
215000,35,121.6400,5282
215100,35,121.6400,5282
215200,35,121.6400,5282
215300,35,121.6400,5282
215400,35,121.6400,5282
215500,35,121.6400,5282
215600,35,121.6400,5282
215700,35,121.6400,5282
215800,35,121.6400,5282
215900,35,121.6400,5282
216000,35,121.6400,5282
216100,35,121.6400,5282
216200,35,121.6400,5282
216300,35,121.6400,5282
216400,35,121.6400,5282
216500,35,121.6400,5282
216600,35,121.6400,5282
216700,35,121.6400,5282
216800,35,121.6400,5282
216900,35,121.6400,5282
217000,35,121.6400,5282
217100,35,121.6400,5282
217200,35,121.6400,5282
217300,35,121.6400,5282
217400,35,121.6400,5282
217500,35,121.6400,5282
217600,35,121.6400,5282
217700,35,121.6400,5282
217800,35,121.6400,5282
217900,35,121.6400,5282
218000,35,121.6400,5282
218100,35,121.6400,5282
218200,35,121.6400,5282
218300,35,121.6400,5282
218400,35,121.6400,5282
218500,35,121.6400,5282
218600,35,121.6400,5282
218700,35,121.6400,5282
218800,35,121.6400,5282
218900,35,121.6400,5282
219000,35,121.6400,5282
219100,35,121.6400,5282
219200,35,121.6400,5282
219300,35,121.6400,5282
219400,35,121.6400,5282
219500,35,121.6400,5282
219600,35,121.6400,5282
219700,35,121.6400,5282
219800,35,121.6400,5282
219900,35,121.6400,5282
220000,35,121.6400,5282
220100,35,121.6400,5282
220200,35,121.6400,5282
220300,35,121.6400,5282
220400,35,121.6400,5282
220500,35,121.6400,5282
220600,35,121.6400,5282
220700,35,121.6400,5282
220800,35,121.6400,5282
220900,35,121.6400,5282
221000,35,121.6400,5282
221100,35,121.6400,5282
221200,35,121.6400,5282
221300,35,121.6400,5282
221400,35,121.6400,5282
221500,35,121.6400,5282
221600,35,121.6400,5282
221700,35,121.6400,5282
221800,35,121.6400,5282
221900,35,121.6400,5282
222000,35,121.6400,5282
222100,35,121.6400,5282
222200,35,121.6400,5282
222300,35,121.6400,5282
222400,35,121.6400,5282
222500,35,121.6400,5282
222600,35,121.6400,5282
222700,35,121.6400,5282
222800,35,121.6400,5282
222900,35,121.6400,5282
223000,35,121.6400,5282
223100,35,121.6400,5282
223200,35,121.6400,5282
223300,35,121.6400,5282
223400,35,121.6400,5282
223500,35,121.6400,5282
223600,35,121.6400,5282
223700,35,121.6400,5282
223800,35,121.6400,5282
223900,35,121.6400,5282
224000,35,121.6400,5282
224100,35,121.6400,5282
224200,35,121.6400,5282
224300,35,121.6400,5282
224400,35,121.6400,5282
224500,35,121.6400,5282
224600,35,121.6400,5282
224700,35,121.6400,5282
224800,35,121.6400,5282
224900,35,121.6400,5282
225000,35,121.6400,5282
225100,35,121.6400,5282
225200,35,121.6400,5282
225300,35,121.6400,5282
225400,35,121.6400,5282
225500,35,121.6400,5282
225600,35,121.6400,5282
225700,35,121.6400,5282
225800,35,121.6400,5282
225900,35,121.6400,5282
226000,35,121.6400,5282
226100,35,121.6400,5282
226200,35,121.6400,5282
226300,35,121.6400,5282
226400,35,121.6400,5282
226500,35,121.6400,5282
226600,35,121.6400,5282
226700,35,121.6400,5282
226800,35,121.6400,5282
226900,35,121.6400,5282
227000,35,121.6400,5282
227100,35,121.6400,5282
227200,35,121.6400,5282
227300,35,121.6400,5282
227400,35,121.6400,5282
227500,35,121.6400,5282
227600,35,121.6400,5282
227700,35,121.6400,5282
227800,35,121.6400,5282
227900,35,121.6400,5282
228000,35,121.6400,5282
228100,35,121.6400,5282
228200,35,121.6400,5282
228300,35,121.6400,5282
228400,35,121.6400,5282
228500,35,121.6400,5282
228600,35,121.6400,5282
228700,35,121.6400,5282
228800,35,121.6400,5282
228900,35,121.6400,5282
229000,35,121.6400,5282
229100,35,121.6400,5282
229200,35,121.6400,5282
229300,35,121.6400,5282
229400,35,121.6400,5282
229500,35,121.6400,5282
229600,35,121.6400,5282
229700,35,121.6400,5282
229800,35,121.6400,5282
229900,35,121.6400,5282
230000,35,121.6400,5282
230100,35,121.6400,5282
230200,35,121.6400,5282
230300,35,121.6400,5282
230400,35,121.6400,5282
230500,35,121.6400,5282
230600,35,121.6400,5282
230700,35,121.6400,5282
230800,35,121.6400,5282
230900,35,121.6400,5282
231000,35,121.6400,5282
231100,35,121.6400,5282
231200,35,121.6400,5282
231300,35,121.6400,5282
231400,35,121.6400,5282
231500,35,121.6400,5282
231600,35,121.6400,5282
231700,35,121.6400,5282
231800,35,121.6400,5282
231900,35,121.6400,5282
232000,35,121.6400,5282
232100,35,121.6400,5282
232200,35,121.6400,5282
232300,35,121.6400,5282
232400,35,121.6400,5282
232500,35,121.6400,5282
232600,35,121.6400,5282
232700,35,121.6400,5282
232800,35,121.6400,5282
232900,35,121.6400,5282
233000,35,121.6400,5282
233100,35,121.6400,5282
233200,35,121.6400,5282
233300,35,121.6400,5282
233400,35,121.6400,5282
233500,35,121.6400,5282
233600,35,121.6400,5282
233700,35,121.6400,5282
233800,35,121.6400,5282
233900,35,121.6400,5282
234000,35,121.6400,5282
234100,35,121.6400,5282
234200,35,121.6400,5282
234300,35,121.6400,5282
234400,35,121.6400,5282
234500,35,121.6400,5282
234600,35,121.6400,5282
234700,35,121.6400,5282
234800,35,121.6400,5282
234900,35,121.6400,5282
235000,35,121.6400,5282
235100,35,121.6400,5282
235200,35,121.6400,5282
235300,35,121.6400,5282
235400,35,121.6400,5282
235500,35,121.6400,5282
235600,35,121.6400,5282
235700,35,121.6400,5282
235800,35,121.6400,5282
235900,35,121.6400,5282
236000,35,121.6400,5282
236100,35,121.6400,5282
236200,35,121.6400,5282
236300,35,121.6400,5282
236400,35,121.6400,5282
236500,35,121.6400,5282
236600,35,121.6400,5282
236700,35,121.6400,5282
236800,35,121.6400,5282
236900,35,121.6400,5282
237000,35,121.6400,5282
237100,35,121.6400,5282
237200,35,121.6400,5282
237300,35,121.6400,5282
237400,35,121.6400,5282
237500,35,121.6400,5282
237600,35,121.6400,5282
237700,35,121.6400,5282
237800,35,121.6400,5282
237900,35,121.6400,5282
238000,35,121.6400,5282
238100,35,121.6400,5282
238200,35,121.6400,5282
238300,35,121.6400,5282
238400,35,121.6400,5282
238500,35,121.6400,5282
238600,35,121.6400,5282
238700,35,121.6400,5282
238800,35,121.6400,5282
238900,35,121.6400,5282
239000,35,121.6400,5282
239100,35,121.6400,5282
239200,35,121.6400,5282
239300,35,121.6400,5282
239400,35,121.6400,5282
239500,35,121.6400,5282
239600,35,121.6400,5282
239700,35,121.6400,5282
239800,35,121.6400,5282
239900,35,121.6400,5282
240000,35,121.6400,5282
240100,35,121.6400,5282
240200,35,121.6400,5282
240300,35,121.6400,5282
240400,35,121.6400,5282
240500,35,121.6400,5282
240600,35,121.6400,5282
240700,35,121.6400,5282
240800,35,121.6400,5282
240900,35,121.6400,5282
241000,35,121.6400,5282
241100,35,121.6400,5282
241200,35,121.6400,5282
241300,35,121.6400,5282
241400,35,121.6400,5282
241500,35,121.6400,5282
241600,35,121.6400,5282
241700,35,121.6400,5282
241800,35,121.6400,5282
241900,35,121.6400,5282
242000,35,121.6400,5282
242100,35,121.6400,5282
242200,35,121.6400,5282
242300,35,121.6400,5282
242400,35,121.6400,5282
242500,35,121.6400,5282
242600,35,121.6400,5282
242700,35,121.6400,5282
242800,35,121.6400,5282
242900,35,121.6400,5282
243000,35,121.6400,5282
243100,35,121.6400,5282
243200,35,121.6400,5282
243300,35,121.6400,5282
243400,35,121.6400,5282
243500,35,121.6400,5282
243600,35,121.6400,5282
243700,35,121.6400,5282
243800,35,121.6400,5282
243900,35,121.6400,5282
244000,35,121.6400,5282
244100,35,121.6400,5282
244200,35,121.6400,5282
244300,35,121.6400,5282
244400,35,121.6400,5282
244500,35,121.6400,5282
244600,35,121.6400,5282
244700,35,121.6400,5282
244800,35,121.6400,5282
244900,35,121.6400,5282
245000,35,121.6400,5282
245100,35,121.6400,5282
245200,35,121.6400,5282
245300,35,121.6400,5282
245400,35,121.6400,5282
245500,35,121.6400,5282
245600,35,121.6400,5282
245700,35,121.6400,5282
245800,35,121.6400,5282
245900,35,121.6400,5282
246000,35,121.6400,5282
246100,35,121.6400,5282
246200,35,121.6400,5282
246300,35,121.6400,5282
246400,35,121.6400,5282
246500,35,121.6400,5282
246600,35,121.6400,5282
246700,35,121.6400,5282
246800,35,121.6400,5282
246900,35,121.6400,5282
247000,35,121.6400,5282
247100,35,121.6400,5282
247200,35,121.6400,5282
247300,35,121.6400,5282
247400,35,121.6400,5282
247500,35,121.6400,5282
247600,35,121.6400,5282
247700,35,121.6400,5282
247800,35,121.6400,5282
247900,35,121.6400,5282
248000,35,121.6400,5282
248100,35,121.6400,5282
248200,35,121.6400,5282
248300,35,121.6400,5282
248400,35,121.6400,5282
248500,35,121.6400,5282
248600,35,121.6400,5282
248700,35,121.6400,5282
248800,35,121.6400,5282
248900,35,121.6400,5282
249000,35,121.6400,5282
249100,35,121.6400,5282
249200,35,121.6400,5282
249300,35,121.6400,5282
249400,35,121.6400,5282
249500,35,121.6400,5282
249600,35,121.6400,5282
249700,35,121.6400,5282
249800,35,121.6400,5282
249900,35,121.6400,5282
250000,35,121.6400,5282
250100,35,121.6400,5282
250200,35,121.6400,5282
250300,35,121.6400,5282
250400,35,121.6400,5282
250500,35,121.6400,5282
250600,35,121.6400,5282
250700,35,121.6400,5282
250800,35,121.6400,5282
250900,35,121.6400,5282
251000,35,121.6400,5282
251100,35,121.6400,5282
251200,35,121.6400,5282
251300,35,121.6400,5282
251400,35,121.6400,5282
251500,35,121.6400,5282
251600,35,121.6400,5282
251700,35,121.6400,5282
251800,35,121.6400,5282
251900,35,121.6400,5282
252000,35,121.6400,5282
252100,35,121.6400,5282
252200,35,121.6400,5282
252300,35,121.6400,5282
252400,35,121.6400,5282
252500,35,121.6400,5282
252600,35,121.6400,5282
252700,35,121.6400,5282
252800,35,121.6400,5282
252900,35,121.6400,5282
253000,35,121.6400,5282
253100,35,121.6400,5282
253200,35,121.6400,5282
253300,35,121.6400,5282
253400,35,121.6400,5282
253500,35,121.6400,5282
253600,35,121.6400,5282
253700,35,121.6400,5282
253800,35,121.6400,5282
253900,35,121.6400,5282
254000,35,121.6400,5282
254100,35,121.6400,5282
254200,35,121.6400,5282
254300,35,121.6400,5282
254400,35,121.6400,5282
254500,35,121.6400,5282
254600,35,121.6400,5282
