episode,reward,max_x
1,20.2800,1164.0000
2,18.4800,1074.0000
3,56.0600,2903.0000
4,18.5800,1079.0000
5,18.6400,1082.0000
6,18.1400,1057.0000
7,18.2600,1063.0000
8,18.6000,1080.0000
9,42.9800,2299.0000
10,19.0400,1102.0000
11,18.1000,1055.0000
12,18.3200,1066.0000
13,20.8600,1193.0000
14,43.4800,2324.0000
15,49.7400,2637.0000
16,18.5600,1078.0000
17,18.6400,1082.0000
18,59.8400,3092.0000
19,43.8600,2343.0000
20,18.1000,1055.0000
21,36.4000,1970.0000
22,14.1600,858.0000
23,36.7600,1988.0000
24,18.9200,1096.0000
25,18.0800,1054.0000
26,48.9000,2595.0000
27,18.4200,1071.0000
28,19.0400,1102.0000
29,13.5400,827.0000
30,49.7800,2639.0000
31,18.5800,1079.0000
32,58.2600,3063.0000
33,43.2400,2312.0000
34,18.5400,1077.0000
35,18.3000,1065.0000
36,49.0400,2602.0000
37,13.8200,841.0000
38,19.7400,1137.0000
39,36.2800,1964.0000
40,18.9200,1096.0000
41,18.3400,1067.0000
42,18.2400,1062.0000
43,18.1800,1059.0000
44,18.5400,1077.0000
45,43.8000,2340.0000
46,50.7600,2688.0000
47,19.3200,1116.0000
48,56.9200,2946.0000
49,21.2200,1211.0000
50,20.5400,1177.0000
51,14.6000,880.0000
52,18.1000,1055.0000
53,59.8600,3093.0000
54,36.8000,1990.0000
55,18.6800,1084.0000
56,18.4800,1074.0000
57,44.7400,2387.0000
58,36.4200,1971.0000
59,20.0200,1151.0000
60,18.5000,1075.0000
61,36.1800,1959.0000
62,18.5200,1076.0000
63,43.8400,2342.0000
64,59.8200,3091.0000
65,60.2200,3111.0000
66,18.5200,1076.0000
67,18.3000,1065.0000
68,20.8200,1191.0000
69,18.0800,1054.0000
70,52.4600,2773.0000
71,18.2000,1060.0000
72,19.1600,1108.0000
73,19.0200,1101.0000
74,18.5400,1077.0000
75,58.3600,3068.0000
76,50.8600,2693.0000
77,36.6800,1984.0000
78,13.9200,846.0000
79,19.0800,1104.0000
80,18.5200,1076.0000
81,18.8400,1092.0000
82,48.1800,2559.0000
83,37.4600,2023.0000
84,19.4600,1123.0000
85,36.9400,1997.0000
86,22.4800,1274.0000
87,18.5000,1075.0000
88,44.1800,2359.0000
89,18.4400,1072.0000
90,56.9600,2948.0000
91,18.4800,1074.0000
92,18.1000,1055.0000
93,14.0200,851.0000
94,18.1800,1059.0000
95,56.9400,2947.0000
96,18.3000,1065.0000
97,18.8200,1091.0000
98,18.3000,1065.0000
99,43.6000,2330.0000
100,43.2200,2311.0000
101,36.8800,1994.0000
102,18.2400,1062.0000
103,18.4200,1071.0000
104,18.5600,1078.0000
105,18.5200,1076.0000
106,18.1000,1055.0000
107,50.5400,2677.0000
108,18.3000,1065.0000
109,18.7200,1086.0000
110,43.9800,2349.0000
111,50.6800,2684.0000
112,18.2400,1062.0000
113,22.1200,1256.0000
114,13.1200,806.0000
115,18.7000,1085.0000
116,18.4400,1072.0000
117,13.7800,839.0000
118,18.0600,1053.0000
119,18.1000,1055.0000
120,18.1200,1056.0000
121,50.5600,2678.0000
122,20.9600,1198.0000
123,18.4800,1074.0000
124,18.0600,1053.0000
125,43.1600,2308.0000
126,18.5800,1079.0000
127,18.1400,1057.0000
128,59.3800,3069.0000
129,52.4200,2771.0000
130,18.2600,1063.0000
131,13.2800,814.0000
132,49.7000,2635.0000
133,19.4600,1123.0000
134,36.9600,1998.0000
135,18.2600,1063.0000
136,62.0800,3204.0000
137,18.3400,1067.0000
138,19.6800,1134.0000
139,56.9200,2946.0000
140,18.3800,1069.0000
141,13.4200,821.0000
142,18.4600,1073.0000
143,59.8600,3093.0000
144,18.4000,1070.0000
145,19.8800,1144.0000
146,36.2000,1960.0000
147,18.2000,1060.0000
148,19.3200,1116.0000
149,18.1800,1059.0000
150,18.5800,1079.0000
151,47.4600,2523.0000
152,18.2400,1062.0000
153,18.3000,1065.0000
154,18.2800,1064.0000
155,18.3000,1065.0000
156,18.7600,1088.0000
157,21.4800,1224.0000
158,20.4600,1173.0000
159,18.7800,1089.0000
160,36.7000,1985.0000
161,36.8200,1991.0000
162,18.0600,1053.0000
163,37.8600,2043.0000
164,36.8800,1994.0000
165,18.9800,1099.0000
166,18.1400,1057.0000
167,37.6600,2033.0000
168,48.7800,2589.0000
169,18.5600,1078.0000
170,18.3000,1065.0000
171,16.7400,987.0000
172,18.6800,1084.0000
173,13.7400,837.0000
174,20.4600,1173.0000
175,56.9200,2946.0000
176,18.3200,1066.0000
177,20.0000,1150.0000
178,13.8200,841.0000
179,18.4000,1070.0000
180,18.2800,1064.0000
181,19.4400,1122.0000
182,19.6800,1134.0000
183,18.1800,1059.0000
184,18.5400,1077.0000
185,49.0600,2603.0000
186,18.4400,1072.0000
187,18.8400,1092.0000
188,13.3600,818.0000
189,20.3800,1169.0000
190,52.5600,2778.0000
191,19.0200,1101.0000
192,18.4800,1074.0000
193,36.4000,1970.0000
194,19.2400,1112.0000
195,13.7800,839.0000
196,43.1000,2305.0000
197,37.1200,2006.0000
198,18.1800,1059.0000
199,36.2400,1962.0000
200,18.8000,1090.0000
201,51.8200,2741.0000
202,18.3400,1067.0000
203,18.6800,1084.0000
204,18.7800,1089.0000
205,18.1800,1059.0000
206,18.1600,1058.0000
207,37.2000,2010.0000
208,52.9200,2796.0000
209,52.2600,2763.0000
210,55.9600,2898.0000
211,49.7600,2638.0000
212,19.2800,1114.0000
213,48.8400,2592.0000
214,46.3000,2465.0000
215,49.1400,2607.0000
216,18.2200,1061.0000
217,51.6600,2733.0000
218,20.8200,1191.0000
219,18.1400,1057.0000
220,18.0400,1052.0000
221,19.2000,1110.0000
222,20.8800,1194.0000
223,59.1400,3057.0000
224,49.4800,2624.0000
225,36.0800,1954.0000
226,56.8600,2943.0000
227,18.1400,1057.0000
228,13.7400,837.0000
229,52.0000,2750.0000
230,18.1200,1056.0000
231,48.9600,2598.0000
232,44.0400,2352.0000
233,48.7600,2588.0000
234,51.6800,2734.0000
235,18.5800,1079.0000
236,54.9000,2845.0000
237,56.1600,2908.0000
238,18.8600,1093.0000
239,43.4600,2323.0000
240,18.1600,1058.0000
241,56.9200,2946.0000
242,18.7400,1087.0000
243,36.6400,1982.0000
244,57.0400,2952.0000
245,19.4200,1121.0000
246,47.2200,2511.0000
247,57.6800,2984.0000
248,36.8000,1990.0000
249,18.6800,1084.0000
250,18.8600,1093.0000
251,19.7600,1138.0000
252,18.4200,1071.0000
253,19.1000,1105.0000
254,18.2000,1060.0000
255,56.9400,2947.0000
256,49.0200,2601.0000
257,18.6400,1082.0000
258,36.8200,1991.0000
259,19.2600,1113.0000
260,18.2000,1060.0000
261,56.9400,2947.0000
262,55.2600,2863.0000
263,18.8400,1092.0000
264,18.2200,1061.0000
265,49.1000,2605.0000
266,18.5000,1075.0000
267,18.5200,1076.0000
268,18.3600,1068.0000
269,18.1600,1058.0000
270,57.2200,2961.0000
271,18.4200,1071.0000
272,56.9200,2946.0000
273,18.5400,1077.0000
274,18.5800,1079.0000
275,13.2600,813.0000
276,18.1000,1055.0000
277,19.4600,1123.0000
278,19.0000,1100.0000
279,20.2800,1164.0000
280,18.1800,1059.0000
281,18.5600,1078.0000
282,14.2800,864.0000
283,20.1600,1158.0000
284,20.2400,1162.0000
285,19.7200,1136.0000
286,18.0800,1054.0000
287,18.8800,1094.0000
288,13.9800,849.0000
289,18.4800,1074.0000
290,19.9400,1147.0000
291,52.5000,2775.0000
292,19.9000,1145.0000
293,18.2400,1062.0000
294,13.9200,846.0000
295,19.5000,1125.0000
296,20.0200,1151.0000
297,18.2000,1060.0000
298,51.4200,2721.0000
299,15.2200,911.0000
300,14.5400,877.0000
301,19.9800,1149.0000
302,37.0800,2004.0000
303,18.0400,1052.0000
304,18.2400,1062.0000
305,49.3000,2615.0000
306,18.4400,1072.0000
307,58.5600,3078.0000
308,18.4200,1071.0000
309,49.1400,2607.0000
310,56.9600,2948.0000
311,19.3000,1115.0000
312,18.8400,1092.0000
313,51.9800,2749.0000
314,18.5800,1079.0000
315,18.1800,1059.0000
316,18.9400,1097.0000
317,18.6600,1083.0000
318,18.2000,1060.0000
319,18.9600,1098.0000
320,18.8400,1092.0000
321,18.5400,1077.0000
322,37.2200,2011.0000
323,18.8600,1093.0000
324,18.1800,1059.0000
325,43.8600,2343.0000
326,14.6800,884.0000
327,43.4600,2323.0000
328,18.4200,1071.0000
329,18.6800,1084.0000
330,18.2600,1063.0000
331,19.2600,1113.0000
332,49.0200,2601.0000
333,18.2600,1063.0000
334,18.2400,1062.0000
335,21.1800,1209.0000
336,36.1400,1957.0000
337,18.2400,1062.0000
338,55.4400,2872.0000
339,22.0600,1253.0000
340,21.5000,1225.0000
341,18.6000,1080.0000
342,18.2400,1062.0000
343,49.2800,2614.0000
344,13.1200,806.0000
345,18.3800,1069.0000
346,18.4400,1072.0000
347,18.7200,1086.0000
348,18.4400,1072.0000
349,19.4000,1120.0000
350,19.0800,1104.0000
351,18.3800,1069.0000
352,49.3200,2616.0000
353,18.5200,1076.0000
354,21.7000,1235.0000
355,18.2200,1061.0000
356,18.2800,1064.0000
357,18.7400,1087.0000
358,48.2400,2562.0000
359,18.4400,1072.0000
360,18.3000,1065.0000
361,18.5000,1075.0000
362,18.4600,1073.0000
363,48.7600,2588.0000
364,14.4400,872.0000
365,18.3800,1069.0000
366,21.3600,1218.0000
367,18.1200,1056.0000
368,18.4800,1074.0000
369,59.8600,3093.0000
370,18.6800,1084.0000
371,51.8800,2744.0000
372,18.2200,1061.0000
373,18.2400,1062.0000
374,13.4200,821.0000
375,56.9200,2946.0000
376,18.3800,1069.0000
377,18.4800,1074.0000
378,21.4200,1221.0000
379,35.9800,1949.0000
380,18.4800,1074.0000
381,18.4200,1071.0000
382,18.4600,1073.0000
383,18.2400,1062.0000
384,18.1200,1056.0000
385,37.4200,2021.0000
386,18.7200,1086.0000
387,18.2800,1064.0000
388,35.5400,1927.0000
389,15.8000,940.0000
390,56.9600,2948.0000
391,19.1200,1106.0000
392,18.3600,1068.0000
393,19.0800,1104.0000
394,18.6200,1081.0000
395,18.9400,1097.0000
396,17.2800,1014.0000
397,18.6800,1084.0000
398,18.0800,1054.0000
399,18.2200,1061.0000
400,20.4200,1171.0000
401,18.3600,1068.0000
402,18.2400,1062.0000
403,19.7800,1139.0000
404,18.1200,1056.0000
405,18.9200,1096.0000
406,18.1400,1057.0000
407,18.4400,1072.0000
408,18.0800,1054.0000
409,14.6200,881.0000
410,53.2200,2811.0000
411,18.1400,1057.0000
412,13.9800,849.0000
413,49.4800,2624.0000
414,18.2400,1062.0000
415,18.4400,1072.0000
416,20.1000,1155.0000
417,49.5200,2626.0000
418,59.8200,3091.0000
419,18.2600,1063.0000
420,18.6000,1080.0000
421,18.1800,1059.0000
422,14.3400,867.0000
423,19.1200,1106.0000
424,18.7600,1088.0000
425,18.2800,1064.0000
426,46.9200,2496.0000
427,56.9200,2946.0000
428,18.2600,1063.0000
429,18.4000,1070.0000
430,18.4000,1070.0000
431,18.9200,1096.0000
432,18.5000,1075.0000
433,48.9200,2596.0000
434,18.4000,1070.0000
435,18.2600,1063.0000
436,20.1000,1155.0000
437,18.8400,1092.0000
438,18.5000,1075.0000
439,18.7600,1088.0000
440,18.4600,1073.0000
441,50.5800,2679.0000
442,18.0400,1052.0000
443,15.1400,907.0000
444,43.3600,2318.0000
445,18.7400,1087.0000
446,43.8600,2343.0000
447,20.3800,1169.0000
448,18.2600,1063.0000
449,19.4000,1120.0000
450,19.7000,1135.0000
451,52.1800,2759.0000
452,18.2600,1063.0000
453,49.1600,2608.0000
454,18.3600,1068.0000
455,18.2400,1062.0000
456,18.6600,1083.0000
457,18.3400,1067.0000
458,59.2600,3063.0000
459,18.3200,1066.0000
460,14.9800,899.0000
461,21.1600,1208.0000
462,18.5600,1078.0000
463,18.7400,1087.0000
464,18.2200,1061.0000
465,19.2400,1112.0000
466,18.1400,1057.0000
467,58.5800,3079.0000
468,14.5000,875.0000
469,18.2000,1060.0000
470,18.3200,1066.0000
471,18.6400,1082.0000
472,18.4000,1070.0000
473,17.0800,1004.0000
474,43.7800,2339.0000
475,36.7600,1988.0000
476,56.9400,2947.0000
477,18.3000,1065.0000
478,18.5200,1076.0000
479,19.4200,1121.0000
480,20.4400,1172.0000
481,56.9400,2947.0000
482,18.6600,1083.0000
483,21.0800,1204.0000
484,36.4200,1971.0000
485,18.3800,1069.0000
486,58.5200,3076.0000
487,52.8800,2794.0000
488,18.0600,1053.0000
489,19.0400,1102.0000
490,18.5200,1076.0000
491,18.4400,1072.0000
492,22.1800,1259.0000
493,18.4200,1071.0000
494,18.2800,1064.0000
495,18.2800,1064.0000
496,36.6800,1984.0000
497,18.0600,1053.0000
498,18.6400,1082.0000
499,18.6000,1080.0000
500,16.7800,989.0000
501,18.2400,1062.0000
502,18.3400,1067.0000
503,18.2000,1060.0000
504,18.7600,1088.0000
505,18.1800,1059.0000
506,58.8600,3043.0000
507,18.2600,1063.0000
508,18.1000,1055.0000
509,18.4800,1074.0000
510,19.4000,1120.0000
511,18.3800,1069.0000
512,18.3800,1069.0000
513,18.5000,1075.0000
514,18.1600,1058.0000
515,18.2000,1060.0000
516,57.1800,2959.0000
517,18.3200,1066.0000
518,18.0800,1054.0000
519,18.4000,1070.0000
520,13.6600,833.0000
521,18.5800,1079.0000
522,19.0800,1104.0000
523,18.3800,1069.0000
524,18.4400,1072.0000
525,18.6800,1084.0000
526,49.4400,2622.0000
527,56.3200,2916.0000
528,18.4400,1072.0000
529,18.6600,1083.0000
530,56.9400,2947.0000
531,18.8200,1091.0000
532,48.7400,2587.0000
533,13.6000,830.0000
534,49.2600,2613.0000
535,18.2000,1060.0000
536,18.4800,1074.0000
537,18.6400,1082.0000
538,13.4800,824.0000
539,18.4000,1070.0000
540,18.8000,1090.0000
541,18.7600,1088.0000
542,58.7800,3089.0000
543,22.1600,1258.0000
544,57.0600,2953.0000
545,18.6800,1084.0000
546,18.1000,1055.0000
547,15.3200,916.0000
548,18.6600,1083.0000
549,18.5000,1075.0000
550,50.4600,2673.0000
551,19.5200,1126.0000
552,18.4400,1072.0000
553,18.1600,1058.0000
554,18.1200,1056.0000
555,19.1000,1105.0000
556,18.3400,1067.0000
557,18.2000,1060.0000
558,18.9600,1098.0000
559,19.2000,1110.0000
560,18.2800,1064.0000
561,13.6200,831.0000
562,14.6800,884.0000
563,36.7600,1988.0000
564,18.4400,1072.0000
565,59.1800,3109.0000
566,18.2600,1063.0000
567,51.5200,2726.0000
568,52.2200,2761.0000
569,18.4400,1072.0000
570,13.1600,808.0000
571,18.1600,1058.0000
572,19.2800,1114.0000
573,18.5200,1076.0000
574,20.0600,1153.0000
575,18.2800,1064.0000
576,19.6200,1131.0000
577,18.3200,1066.0000
578,18.3000,1065.0000
579,18.2200,1061.0000
580,18.2000,1060.0000
581,13.7400,837.0000
582,18.6000,1080.0000
583,51.1600,2708.0000
584,18.3200,1066.0000
585,18.5200,1076.0000
586,18.1600,1058.0000
587,37.1200,2006.0000
588,14.8400,892.0000
589,56.9600,2948.0000
590,19.4400,1122.0000
591,18.5000,1075.0000
592,36.8400,1992.0000
593,18.3000,1065.0000
594,18.1800,1059.0000
595,36.1000,1955.0000
596,18.3000,1065.0000
597,58.2200,3011.0000
598,19.6000,1130.0000
599,37.9200,2046.0000
600,18.2600,1063.0000
601,18.5200,1076.0000
602,19.6200,1131.0000
603,19.4000,1120.0000
604,18.6600,1083.0000
605,13.9600,848.0000
606,18.8000,1090.0000
607,49.7400,2637.0000
608,19.2800,1114.0000
609,18.7600,1088.0000
610,14.4400,872.0000
611,20.7600,1188.0000
612,19.6600,1133.0000
613,18.6800,1084.0000
614,19.0000,1100.0000
615,49.3200,2616.0000
616,49.1400,2607.0000
617,56.9800,2949.0000
618,18.4200,1071.0000
619,19.4400,1122.0000
620,18.6600,1083.0000
621,18.3400,1067.0000
622,36.2000,1960.0000
623,18.5000,1075.0000
624,18.2400,1062.0000
625,18.2800,1064.0000
626,21.2200,1211.0000
627,50.1200,2656.0000
628,48.8800,2594.0000
629,63.2600,3263.0000
630,18.3600,1068.0000
631,18.3400,1067.0000
632,19.3400,1117.0000
633,48.9000,2595.0000
634,22.1000,1255.0000
635,35.6200,1931.0000
636,56.9600,2948.0000
637,18.3800,1069.0000
638,42.5200,2276.0000
639,51.7000,2735.0000
640,56.9400,2947.0000
641,55.7000,2885.0000
642,43.9200,2346.0000
643,18.1800,1059.0000
644,18.4000,1070.0000
645,49.1800,2609.0000
646,18.2000,1060.0000
647,18.4600,1073.0000
648,18.6200,1081.0000
649,36.5800,1979.0000
650,19.0800,1104.0000
651,18.6800,1084.0000
652,18.7400,1087.0000
653,57.6000,2980.0000
654,18.5600,1078.0000
655,18.3400,1067.0000
656,18.8000,1090.0000
657,18.3400,1067.0000
658,18.2600,1063.0000
659,18.4200,1071.0000
660,43.5600,2328.0000
661,58.4200,3071.0000
662,18.1400,1057.0000
663,18.1600,1058.0000
664,18.5800,1079.0000
665,18.2200,1061.0000
666,18.2200,1061.0000
667,59.8600,3093.0000
668,50.9200,2696.0000
669,36.6400,1982.0000
670,18.3400,1067.0000
671,56.9600,2948.0000
672,59.6000,3080.0000
673,18.2200,1061.0000
674,13.7800,839.0000
675,56.9400,2947.0000
676,18.9400,1097.0000
677,18.1400,1057.0000
678,23.4400,1322.0000
679,19.9600,1148.0000
680,20.0400,1152.0000
681,18.6800,1084.0000
682,20.1800,1159.0000
683,18.1600,1058.0000
684,43.1200,2306.0000
685,43.1800,2309.0000
686,13.5600,828.0000
687,49.1600,2608.0000
688,18.6000,1080.0000
689,18.1000,1055.0000
690,18.3000,1065.0000
691,18.6200,1081.0000
692,44.1000,2355.0000
693,56.9400,2947.0000
694,19.0600,1103.0000
695,48.4000,2570.0000
696,18.2000,1060.0000
697,49.6600,2633.0000
698,18.2000,1060.0000
699,18.1600,1058.0000
700,14.0400,852.0000
701,59.0600,3053.0000
702,18.4400,1072.0000
703,52.9000,2795.0000
704,14.7800,889.0000
705,18.2800,1064.0000
706,18.3200,1066.0000
707,13.3800,819.0000
708,13.6800,834.0000
709,19.8800,1144.0000
710,18.4600,1073.0000
711,51.4400,2722.0000
712,19.1000,1105.0000
713,18.9200,1096.0000
714,18.6400,1082.0000
715,56.9400,2947.0000
716,18.2600,1063.0000
717,46.5200,2476.0000
718,44.5000,2375.0000
719,20.7400,1187.0000
720,19.9000,1145.0000
721,18.1400,1057.0000
722,19.2200,1111.0000
723,18.4400,1072.0000
724,59.8200,3091.0000
725,19.1000,1105.0000
726,19.2600,1113.0000
727,18.3200,1066.0000
728,18.0600,1053.0000
729,50.1000,2655.0000
730,21.3200,1216.0000
731,48.6200,2581.0000
732,56.9200,2946.0000
733,18.2400,1062.0000
734,18.2000,1060.0000
735,49.6800,2634.0000
736,20.8000,1190.0000
737,58.3800,3019.0000
738,19.0400,1102.0000
739,52.5000,2775.0000
740,18.5200,1076.0000
741,18.6200,1081.0000
742,18.8800,1094.0000
743,19.8200,1141.0000
744,18.5000,1075.0000
745,36.7000,1985.0000
746,18.1200,1056.0000
747,18.3400,1067.0000
748,18.4200,1071.0000
749,18.3400,1067.0000
750,35.9800,1949.0000
751,19.4200,1121.0000
752,18.8800,1094.0000
753,18.3000,1065.0000
754,18.5000,1075.0000
755,18.3600,1068.0000
756,18.3400,1067.0000
757,18.2400,1062.0000
758,18.3000,1065.0000
759,19.8000,1140.0000
760,18.1600,1058.0000
761,19.8200,1141.0000
762,18.0800,1054.0000
763,58.2000,3060.0000
764,18.4200,1071.0000
765,20.5000,1175.0000
766,43.4200,2321.0000
767,15.2600,913.0000
768,18.5200,1076.0000
769,18.2400,1062.0000
770,18.1200,1056.0000
771,56.9200,2946.0000
772,18.3800,1069.0000
773,18.1600,1058.0000
774,18.5200,1076.0000
775,18.3400,1067.0000
776,19.1400,1107.0000
777,19.0000,1100.0000
778,18.6000,1080.0000
779,36.0600,1953.0000
780,18.3400,1067.0000
781,21.4200,1221.0000
782,19.5400,1127.0000
783,56.9600,2948.0000
784,19.6400,1132.0000
785,19.1600,1108.0000
786,13.2600,813.0000
787,51.3200,2716.0000
788,18.3800,1069.0000
789,18.3400,1067.0000
790,56.9600,2948.0000
791,18.0400,1052.0000
792,15.6000,930.0000
793,50.4200,2671.0000
794,18.2800,1064.0000
795,21.1400,1207.0000
796,18.2800,1064.0000
797,18.3200,1066.0000
798,44.9200,2396.0000
799,19.4000,1120.0000
800,18.3000,1065.0000
801,18.1800,1059.0000
802,36.5600,1978.0000
803,43.9800,2349.0000
804,44.3800,2369.0000
805,18.2800,1064.0000
806,18.8000,1090.0000
807,19.4200,1121.0000
808,19.3800,1119.0000
809,42.8800,2294.0000
810,18.5400,1077.0000
811,18.1000,1055.0000
812,18.7200,1086.0000
813,50.0000,2650.0000
814,18.5400,1077.0000
815,18.4800,1074.0000
816,18.2200,1061.0000
817,18.1800,1059.0000
818,18.4400,1072.0000
819,19.2200,1111.0000
820,18.1200,1056.0000
821,18.4400,1072.0000
822,18.3000,1065.0000
823,19.0000,1100.0000
824,18.1200,1056.0000
825,13.3400,817.0000
826,18.3800,1069.0000
827,50.2400,2662.0000
828,18.3000,1065.0000
829,18.6200,1081.0000
830,36.2200,1961.0000
831,18.7800,1089.0000
832,18.2600,1063.0000
833,20.3000,1165.0000
834,18.3000,1065.0000
835,20.2400,1162.0000
836,57.7200,2986.0000
837,18.2200,1061.0000
838,36.7800,1989.0000
839,19.2400,1112.0000
840,49.4400,2622.0000
841,46.9800,2499.0000
842,18.1200,1056.0000
843,14.7400,887.0000
844,18.1000,1055.0000
845,18.1800,1059.0000
846,18.5000,1075.0000
847,18.7800,1089.0000
848,18.1400,1057.0000
849,37.3400,2017.0000
850,19.2600,1113.0000
851,44.3600,2368.0000
852,19.4200,1121.0000
853,18.2800,1064.0000
854,18.0600,1053.0000
855,18.5000,1075.0000
856,18.2000,1060.0000
857,18.0400,1052.0000
858,36.9000,1995.0000
859,18.5600,1078.0000
860,18.1600,1058.0000
861,55.5400,2877.0000
862,18.1800,1059.0000
863,44.2800,2364.0000
864,18.1800,1059.0000
865,18.5000,1075.0000
866,22.6800,1284.0000
867,57.0000,2950.0000
868,18.5000,1075.0000
869,18.2400,1062.0000
870,18.1600,1058.0000
871,18.8200,1091.0000
872,18.4000,1070.0000
873,13.1200,806.0000
874,52.7200,2786.0000
875,18.4000,1070.0000
876,20.7600,1188.0000
877,18.2600,1063.0000
878,19.0600,1103.0000
879,55.3200,2866.0000
880,18.6000,1080.0000
881,18.3200,1066.0000
882,49.7800,2639.0000
883,18.5800,1079.0000
884,19.2400,1112.0000
885,52.0600,2753.0000
886,13.1800,809.0000
887,18.3600,1068.0000
888,18.3400,1067.0000
889,18.7200,1086.0000
890,18.4400,1072.0000
891,43.9200,2346.0000
892,20.7400,1187.0000
893,18.5800,1079.0000
894,43.5600,2328.0000
895,18.0600,1053.0000
896,59.5600,3078.0000
897,18.4400,1072.0000
898,56.9400,2947.0000
899,56.9400,2947.0000
900,49.1600,2608.0000
901,18.6400,1082.0000
902,15.0400,902.0000
903,18.5400,1077.0000
904,14.2800,864.0000
905,18.4000,1070.0000
906,18.4000,1070.0000
907,46.5200,2476.0000
908,58.8800,3044.0000
909,18.0800,1054.0000
910,56.9200,2946.0000
911,18.3000,1065.0000
912,18.2000,1060.0000
913,18.2000,1060.0000
914,18.3800,1069.0000
915,43.3400,2317.0000
916,18.0800,1054.0000
917,18.0800,1054.0000
918,18.2000,1060.0000
919,45.2000,2410.0000
920,18.1800,1059.0000
921,19.8800,1144.0000
922,43.1400,2307.0000
923,35.8600,1943.0000
924,18.2600,1063.0000
925,20.1000,1155.0000
926,18.7600,1088.0000
927,16.0800,954.0000
928,18.1200,1056.0000
929,18.3800,1069.0000
930,56.9400,2947.0000
931,18.3600,1068.0000
932,18.3400,1067.0000
933,18.2400,1062.0000
934,18.3400,1067.0000
935,15.3600,918.0000
936,20.0000,1150.0000
937,18.4200,1071.0000
938,20.6800,1184.0000
939,18.6800,1084.0000
940,13.3000,815.0000
941,43.4800,2324.0000
942,18.0800,1054.0000
943,18.2800,1064.0000
944,37.2400,2012.0000
945,18.3200,1066.0000
946,18.5600,1078.0000
947,18.5800,1079.0000
948,18.8200,1091.0000
949,18.2200,1061.0000
950,18.4600,1073.0000
951,18.7000,1085.0000
952,18.2800,1064.0000
953,36.4400,1972.0000
954,19.7600,1138.0000
955,18.1600,1058.0000
956,18.2200,1061.0000
957,18.7800,1089.0000
958,18.8600,1093.0000
959,18.8600,1093.0000
960,48.7800,2589.0000
961,19.0000,1100.0000
962,18.7600,1088.0000
963,18.2400,1062.0000
964,19.3800,1119.0000
965,18.1000,1055.0000
966,18.2600,1063.0000
967,18.4600,1073.0000
968,13.2400,812.0000
969,18.1600,1058.0000
970,18.1800,1059.0000
971,56.9200,2946.0000
972,18.2800,1064.0000
973,57.0000,2950.0000
974,48.9800,2599.0000
975,56.9400,2947.0000
976,18.4400,1072.0000
977,13.7200,836.0000
978,18.9800,1099.0000
979,18.3800,1069.0000
980,46.1600,2458.0000
981,22.1200,1256.0000
982,55.4800,2874.0000
983,18.5200,1076.0000
984,18.4200,1071.0000
985,18.8800,1094.0000
986,18.2600,1063.0000
987,18.2000,1060.0000
988,18.2800,1064.0000
989,18.1000,1055.0000
990,49.2600,2613.0000
991,19.5000,1125.0000
992,19.9200,1146.0000
993,18.1000,1055.0000
994,18.4200,1071.0000
995,19.5800,1129.0000
996,44.1200,2356.0000
997,18.2000,1060.0000
998,37.0200,2001.0000
999,58.4000,3070.0000
1000,18.9400,1097.0000
1001,18.2200,1061.0000
1002,58.6400,3082.0000
1003,18.5600,1078.0000
1004,49.3200,2616.0000
1005,19.0800,1104.0000
1006,18.7000,1085.0000
1007,56.0400,2902.0000
1008,20.1600,1158.0000
1009,56.1600,2908.0000
1010,18.3800,1069.0000
1011,18.2600,1063.0000
1012,51.5400,2727.0000
1013,18.4000,1070.0000
1014,49.3600,2618.0000
1015,13.1400,807.0000
1016,18.4600,1073.0000
1017,18.2600,1063.0000
1018,49.0400,2602.0000
1019,18.8400,1092.0000
1020,18.9000,1095.0000
1021,14.6600,883.0000
1022,19.0400,1102.0000
1023,18.6000,1080.0000
1024,18.7200,1086.0000
1025,18.5000,1075.0000
1026,58.1800,3059.0000
1027,58.5000,3075.0000
1028,49.2800,2614.0000
1029,13.3000,815.0000
1030,18.7400,1087.0000
1031,20.0000,1150.0000
1032,20.0000,1150.0000
1033,18.1200,1056.0000
1034,18.2000,1060.0000
1035,18.1600,1058.0000
1036,18.3400,1067.0000
1037,18.5400,1077.0000
1038,14.5400,877.0000
1039,18.6200,1081.0000
1040,18.4000,1070.0000
1041,13.8600,843.0000
1042,56.9400,2947.0000
1043,20.2000,1160.0000
1044,19.0200,1101.0000
1045,56.9200,2946.0000
1046,52.0600,2753.0000
1047,18.0800,1054.0000
1048,18.2600,1063.0000
1049,20.1800,1159.0000
1050,18.1200,1056.0000
1051,18.3200,1066.0000
1052,49.3000,2615.0000
1053,18.2000,1060.0000
1054,18.3200,1066.0000
1055,18.6600,1083.0000
1056,37.1800,2009.0000
1057,19.6200,1131.0000
1058,44.8200,2391.0000
1059,36.3800,1969.0000
1060,20.6000,1180.0000
1061,18.6200,1081.0000
1062,18.8600,1093.0000
1063,42.8200,2291.0000
1064,18.5400,1077.0000
1065,18.7600,1088.0000
1066,18.7000,1085.0000
1067,52.6800,2784.0000
1068,18.4400,1072.0000
1069,36.4200,1971.0000
1070,36.4600,1973.0000
1071,19.4800,1124.0000
1072,48.6000,2580.0000
1073,18.9400,1097.0000
1074,18.5400,1077.0000
1075,49.1600,2608.0000
1076,36.7400,1987.0000
1077,18.1600,1058.0000
1078,36.4600,1973.0000
1079,18.5600,1078.0000
1080,14.6800,884.0000
1081,18.8400,1092.0000
1082,18.4200,1071.0000
1083,18.2200,1061.0000
1084,19.9600,1148.0000
1085,18.1200,1056.0000
1086,18.9000,1095.0000
1087,19.6800,1134.0000
1088,36.3800,1969.0000
1089,59.8600,3093.0000
1090,14.5800,879.0000
1091,18.2000,1060.0000
1092,18.4600,1073.0000
1093,18.4600,1073.0000
1094,18.3400,1067.0000
1095,15.5800,929.0000
1096,56.9600,2948.0000
1097,18.2800,1064.0000
1098,13.9400,847.0000
1099,18.1200,1056.0000
1100,18.1800,1059.0000
1101,18.3200,1066.0000
1102,18.3600,1068.0000
1103,52.7200,2786.0000
1104,36.7200,1986.0000
1105,19.3600,1118.0000
1106,18.3000,1065.0000
1107,58.7000,3085.0000
1108,50.8600,2693.0000
1109,18.7000,1085.0000
1110,13.5000,825.0000
1111,49.2600,2613.0000
1112,18.2200,1061.0000
1113,18.4000,1070.0000
1114,18.3200,1066.0000
1115,58.6800,3084.0000
1116,20.2800,1164.0000
1117,18.5400,1077.0000
1118,43.8200,2341.0000
1119,45.0400,2402.0000
1120,51.1000,2705.0000
1121,18.5000,1075.0000
1122,18.2000,1060.0000
1123,19.7400,1137.0000
1124,18.4200,1071.0000
1125,16.0000,950.0000
1126,56.9600,2948.0000
1127,44.7600,2388.0000
1128,18.2200,1061.0000
1129,18.7800,1089.0000
1130,18.4400,1072.0000
1131,43.5400,2327.0000
1132,18.2400,1062.0000
1133,36.1400,1957.0000
1134,51.3600,2718.0000
1135,19.8400,1142.0000
1136,14.0000,850.0000
1137,18.1600,1058.0000
1138,13.5600,828.0000
1139,18.2800,1064.0000
1140,18.2400,1062.0000
1141,18.2000,1060.0000
1142,19.4800,1124.0000
1143,20.5600,1178.0000
1144,18.3000,1065.0000
1145,18.2000,1060.0000
1146,18.1400,1057.0000
1147,18.1200,1056.0000
1148,18.4800,1074.0000
1149,18.0400,1052.0000
1150,58.4400,3022.0000
1151,60.7600,3138.0000
1152,43.7400,2337.0000
1153,18.4600,1073.0000
1154,62.6800,3234.0000
1155,36.2800,1964.0000
1156,19.0800,1104.0000
1157,56.7800,2939.0000
1158,18.1600,1058.0000
1159,18.3000,1065.0000
1160,18.6200,1081.0000
1161,36.8800,1994.0000
1162,18.9400,1097.0000
1163,19.2400,1112.0000
1164,18.4000,1070.0000
1165,49.5600,2628.0000
1166,13.4000,820.0000
1167,20.1200,1156.0000
1168,20.7000,1185.0000
1169,18.5600,1078.0000
1170,19.2000,1110.0000
1171,18.2400,1062.0000
1172,13.5000,825.0000
1173,18.2400,1062.0000
1174,18.3600,1068.0000
1175,20.1800,1159.0000
1176,18.8200,1091.0000
1177,18.1000,1055.0000
1178,50.3400,2667.0000
1179,18.1800,1059.0000
1180,18.3000,1065.0000
1181,18.3200,1066.0000
1182,18.2800,1064.0000
1183,13.3800,819.0000
1184,18.0600,1053.0000
1185,18.2600,1063.0000
1186,20.5000,1175.0000
1187,18.2200,1061.0000
1188,19.1400,1107.0000
1189,18.1600,1058.0000
1190,18.1200,1056.0000
1191,18.3600,1068.0000
1192,14.8200,891.0000
1193,14.3200,866.0000
1194,49.4400,2622.0000
1195,43.0600,2303.0000
1196,18.3200,1066.0000
1197,37.0800,2004.0000
1198,18.3000,1065.0000
1199,56.9400,2947.0000
1200,18.1600,1058.0000
1201,18.3800,1069.0000
1202,16.0200,951.0000
1203,18.2400,1062.0000
1204,18.3400,1067.0000
1205,18.0800,1054.0000
1206,18.3600,1068.0000
1207,49.2600,2613.0000
1208,36.7600,1988.0000
1209,19.9200,1146.0000
1210,19.2400,1112.0000
1211,37.3200,2016.0000
1212,49.2400,2612.0000
1213,56.9400,2947.0000
1214,18.2200,1061.0000
1215,18.1600,1058.0000
1216,18.4000,1070.0000
1217,13.1200,806.0000
1218,19.9600,1148.0000
1219,18.3800,1069.0000
1220,22.4800,1274.0000
1221,18.1600,1058.0000
1222,18.5400,1077.0000
1223,18.1400,1057.0000
1224,19.4800,1124.0000
1225,49.5200,2626.0000
1226,18.1400,1057.0000
1227,14.7200,886.0000
1228,13.2200,811.0000
1229,62.1800,3209.0000
1230,18.2800,1064.0000
1231,13.6200,831.0000
1232,19.4200,1121.0000
1233,15.6200,931.0000
1234,18.3400,1067.0000
1235,48.9400,2597.0000
1236,20.7400,1187.0000
1237,18.3800,1069.0000
1238,18.4800,1074.0000
1239,56.5600,2928.0000
1240,18.0600,1053.0000
1241,18.2000,1060.0000
1242,51.3200,2716.0000
1243,18.1800,1059.0000
1244,18.2600,1063.0000
1245,15.4000,920.0000
1246,48.6600,2583.0000
1247,43.5000,2325.0000
1248,18.9600,1098.0000
1249,37.1000,2005.0000
1250,44.3200,2366.0000
1251,36.2200,1961.0000
1252,18.1200,1056.0000
1253,18.9000,1095.0000
1254,18.7800,1089.0000
1255,43.9400,2347.0000
1256,20.1600,1158.0000
1257,18.6600,1083.0000
1258,19.5800,1129.0000
1259,20.0000,1150.0000
1260,48.9400,2597.0000
1261,58.8200,3091.0000
1262,18.1600,1058.0000
1263,19.3800,1119.0000
1264,18.0800,1054.0000
1265,18.8600,1093.0000
1266,18.5200,1076.0000
1267,13.5400,827.0000
1268,18.4000,1070.0000
1269,49.3600,2618.0000
1270,18.2800,1064.0000
1271,18.3400,1067.0000
1272,45.6000,2430.0000
1273,44.3200,2366.0000
1274,18.1200,1056.0000
1275,18.0800,1054.0000
1276,13.1800,809.0000
1277,18.1000,1055.0000
1278,13.6800,834.0000
1279,18.3400,1067.0000
1280,35.9200,1946.0000
1281,18.4000,1070.0000
1282,18.3600,1068.0000
1283,18.3400,1067.0000
1284,36.9400,1997.0000
1285,18.7000,1085.0000
1286,15.1000,905.0000
1287,18.6800,1084.0000
1288,18.6800,1084.0000
1289,35.9600,1948.0000
1290,43.7400,2337.0000
1291,18.9400,1097.0000
1292,20.6400,1182.0000
1293,56.8800,2944.0000
1294,18.7800,1089.0000
1295,18.4800,1074.0000
1296,48.7400,2587.0000
1297,19.9400,1147.0000
1298,36.2400,1962.0000
1299,36.5800,1979.0000
1300,18.8800,1094.0000
1301,35.7000,1935.0000
1302,18.3800,1069.0000
1303,18.0800,1054.0000
1304,21.7800,1239.0000
1305,36.5400,1977.0000
1306,56.7400,2937.0000
1307,18.1800,1059.0000
1308,18.8400,1092.0000
1309,20.2200,1161.0000
1310,19.0000,1100.0000
1311,58.6200,3031.0000
1312,20.4800,1174.0000
1313,18.4800,1074.0000
1314,15.4600,923.0000
1315,18.3400,1067.0000
1316,18.2400,1062.0000
1317,45.0400,2402.0000
1318,20.3000,1165.0000
1319,20.1400,1157.0000
1320,18.6000,1080.0000
1321,18.2200,1061.0000
1322,18.9000,1095.0000
1323,18.3000,1065.0000
1324,18.8600,1093.0000
1325,18.5000,1075.0000
1326,18.2400,1062.0000
1327,19.4400,1122.0000
1328,36.8400,1992.0000
1329,18.5400,1077.0000
1330,19.2600,1113.0000
1331,36.5200,1976.0000
1332,18.3800,1069.0000
1333,18.1200,1056.0000
1334,15.2800,914.0000
1335,18.3600,1068.0000
1336,18.5600,1078.0000
1337,43.1600,2308.0000
1338,37.3800,2019.0000
1339,53.3000,2815.0000
1340,43.8600,2343.0000
1341,20.1800,1159.0000
1342,13.1800,809.0000
1343,18.1600,1058.0000
1344,18.5000,1075.0000
1345,17.2400,1012.0000
1346,18.5600,1078.0000
1347,18.1200,1056.0000
1348,18.4000,1070.0000
1349,18.2600,1063.0000
1350,48.9200,2596.0000
1351,22.0000,1250.0000
1352,52.0800,2754.0000
1353,49.2400,2612.0000
1354,18.3200,1066.0000
1355,18.1400,1057.0000
1356,14.2000,860.0000
1357,60.9400,3147.0000
1358,18.3200,1066.0000
1359,19.6800,1134.0000
1360,51.0200,2701.0000
1361,48.9200,2596.0000
1362,18.4200,1071.0000
1363,43.6000,2330.0000
1364,35.7800,1939.0000
1365,19.4400,1122.0000
1366,21.2000,1210.0000
1367,18.5400,1077.0000
1368,18.2200,1061.0000
1369,18.2400,1062.0000
1370,18.5800,1079.0000
1371,18.2200,1061.0000
1372,43.5200,2326.0000
1373,18.2000,1060.0000
1374,43.9600,2348.0000
1375,18.1800,1059.0000
1376,49.0800,2604.0000
1377,13.7200,836.0000
1378,43.9600,2348.0000
1379,19.1600,1108.0000
1380,19.7200,1136.0000
1381,18.5200,1076.0000
1382,13.6600,833.0000
1383,18.2800,1064.0000
1384,18.5800,1079.0000
1385,18.5400,1077.0000
1386,18.5000,1075.0000
1387,56.9600,2948.0000
1388,18.1200,1056.0000
1389,18.3200,1066.0000
1390,56.9400,2947.0000
1391,18.6800,1084.0000
1392,56.3000,2915.0000
1393,18.7600,1088.0000
1394,19.0000,1100.0000
1395,18.1200,1056.0000
1396,18.3800,1069.0000
1397,18.1400,1057.0000
1398,56.9600,2948.0000
1399,18.2400,1062.0000
1400,18.4600,1073.0000
1401,18.4600,1073.0000
1402,18.4200,1071.0000
1403,21.3400,1217.0000
1404,18.1600,1058.0000
1405,49.4800,2624.0000
1406,20.4400,1172.0000
1407,56.9600,2948.0000
1408,18.9200,1096.0000
1409,56.8400,2942.0000
1410,18.2800,1064.0000
1411,19.3000,1115.0000
1412,49.3600,2618.0000
1413,18.4000,1070.0000
1414,18.2200,1061.0000
1415,14.1600,858.0000
1416,43.1600,2308.0000
1417,44.1800,2359.0000
1418,43.3800,2319.0000
1419,38.1600,2058.0000
1420,18.9600,1098.0000
1421,48.8800,2594.0000
1422,14.2000,860.0000
1423,19.2000,1110.0000
1424,18.1800,1059.0000
1425,18.4800,1074.0000
1426,20.7800,1189.0000
1427,20.6000,1180.0000
1428,18.9000,1095.0000
1429,18.1000,1055.0000
1430,60.1800,3109.0000
1431,18.7200,1086.0000
1432,18.5800,1079.0000
1433,18.1200,1056.0000
1434,18.3200,1066.0000
1435,18.3800,1069.0000
1436,49.0000,2600.0000
1437,18.5400,1077.0000
1438,14.6600,883.0000
1439,18.4000,1070.0000
1440,19.9600,1148.0000
1441,20.1600,1158.0000
1442,18.1600,1058.0000
1443,18.2400,1062.0000
1444,35.7000,1935.0000
1445,18.5000,1075.0000
1446,18.1400,1057.0000
1447,18.2200,1061.0000
1448,18.4600,1073.0000
1449,36.7400,1987.0000
1450,49.0200,2601.0000
1451,19.0600,1103.0000
1452,18.3600,1068.0000
1453,18.2600,1063.0000
1454,18.5400,1077.0000
1455,18.4600,1073.0000
1456,18.2800,1064.0000
1457,18.5800,1079.0000
1458,21.9200,1246.0000
1459,56.9600,2948.0000
1460,18.4600,1073.0000
1461,43.5400,2327.0000
1462,18.0400,1052.0000
1463,18.5800,1079.0000
1464,20.4200,1171.0000
1465,18.8600,1093.0000
1466,57.0400,2952.0000
1467,44.0200,2351.0000
1468,18.1800,1059.0000
1469,18.6600,1083.0000
1470,18.5200,1076.0000
1471,18.1000,1055.0000
1472,36.6400,1982.0000
1473,18.2600,1063.0000
1474,18.2000,1060.0000
1475,19.2800,1114.0000
1476,18.7800,1089.0000
1477,18.4200,1071.0000
1478,50.0600,2653.0000
1479,45.9000,2445.0000
1480,59.8600,3093.0000
1481,18.3400,1067.0000
1482,18.4400,1072.0000
1483,18.2400,1062.0000
1484,18.7000,1085.0000
1485,18.6600,1083.0000
1486,18.8400,1092.0000
1487,16.2200,961.0000
1488,21.2000,1210.0000
1489,21.2200,1211.0000
1490,18.1800,1059.0000
1491,58.6400,3082.0000
1492,20.4400,1172.0000
1493,18.3800,1069.0000
1494,18.7800,1089.0000
1495,18.4600,1073.0000
1496,36.9400,1997.0000
1497,18.1800,1059.0000
1498,19.8600,1143.0000
1499,19.0000,1100.0000
1500,55.6800,2884.0000
1501,18.1200,1056.0000
1502,18.4400,1072.0000
1503,18.3200,1066.0000
1504,56.9400,2947.0000
1505,18.7800,1089.0000
1506,18.5600,1078.0000
1507,18.5200,1076.0000
1508,18.0600,1053.0000
1509,19.8000,1140.0000
1510,18.8400,1092.0000
1511,20.1000,1155.0000
1512,19.1000,1105.0000
1513,18.8000,1090.0000
1514,14.8000,890.0000
1515,36.4600,1973.0000
1516,51.5800,2729.0000
1517,19.1200,1106.0000
1518,18.2600,1063.0000
1519,18.6200,1081.0000
1520,15.7600,938.0000
1521,18.5400,1077.0000
1522,18.4600,1073.0000
1523,18.5000,1075.0000
1524,18.4400,1072.0000
1525,18.2600,1063.0000
1526,18.1200,1056.0000
1527,36.8600,1993.0000
1528,49.4800,2624.0000
1529,22.2400,1262.0000
1530,18.2400,1062.0000
1531,56.9600,2948.0000
1532,37.4600,2023.0000
1533,13.5400,827.0000
1534,18.9000,1095.0000
1535,19.3000,1115.0000
1536,47.3200,2516.0000
1537,18.6400,1082.0000
1538,56.9600,2948.0000
1539,18.2200,1061.0000
1540,18.3800,1069.0000
1541,18.0600,1053.0000
1542,48.8400,2592.0000
1543,20.8200,1191.0000
1544,18.5400,1077.0000
1545,18.6200,1081.0000
1546,18.2000,1060.0000
1547,18.2800,1064.0000
1548,44.3400,2367.0000
1549,18.3800,1069.0000
1550,18.6200,1081.0000
1551,18.2000,1060.0000
1552,44.0000,2350.0000
1553,49.2200,2611.0000
1554,18.3200,1066.0000
1555,18.4200,1071.0000
1556,18.2600,1063.0000
1557,36.3000,1965.0000
1558,18.4200,1071.0000
1559,18.3800,1069.0000
1560,49.1600,2608.0000
1561,43.1000,2305.0000
1562,18.3600,1068.0000
1563,13.3600,818.0000
1564,18.6400,1082.0000
1565,15.3800,919.0000
1566,18.1200,1056.0000
1567,19.8200,1141.0000
1568,18.6400,1082.0000
1569,18.9800,1099.0000
1570,18.5800,1079.0000
1571,20.9600,1198.0000
1572,18.0800,1054.0000
1573,36.0200,1951.0000
1574,18.2600,1063.0000
1575,18.6400,1082.0000
1576,18.3400,1067.0000
1577,21.8000,1240.0000
1578,18.5600,1078.0000
1579,15.6200,931.0000
1580,18.1000,1055.0000
1581,18.2200,1061.0000
1582,37.0400,2002.0000
1583,15.3200,916.0000
1584,49.1000,2605.0000
1585,19.7600,1138.0000
1586,18.8000,1090.0000
1587,20.5400,1177.0000
1588,18.4000,1070.0000
1589,20.9600,1198.0000
1590,44.1600,2358.0000
1591,35.8600,1943.0000
1592,18.4200,1071.0000
1593,20.0600,1153.0000
1594,18.3200,1066.0000
1595,55.7600,2888.0000
1596,20.0000,1150.0000
1597,20.5400,1177.0000
1598,49.5000,2625.0000
1599,18.2000,1060.0000
1600,18.0800,1054.0000
1601,18.7800,1089.0000
1602,49.1600,2608.0000
1603,18.3800,1069.0000
1604,18.8400,1092.0000
1605,52.5400,2777.0000
1606,18.2400,1062.0000
1607,19.7800,1139.0000
1608,18.3200,1066.0000
1609,43.2800,2314.0000
1610,43.5000,2325.0000
1611,18.0400,1052.0000
1612,18.2400,1062.0000
1613,37.1200,2006.0000
1614,48.9200,2596.0000
1615,18.7200,1086.0000
1616,21.0400,1202.0000
1617,36.4400,1972.0000
1618,19.8400,1142.0000
1619,18.1400,1057.0000
1620,18.4600,1073.0000
1621,18.1000,1055.0000
1622,19.0800,1104.0000
1623,18.2600,1063.0000
1624,18.9400,1097.0000
1625,36.9200,1996.0000
1626,18.4200,1071.0000
1627,19.2800,1114.0000
1628,18.3000,1065.0000
1629,19.1800,1109.0000
1630,18.3000,1065.0000
1631,19.1000,1105.0000
1632,49.7400,2637.0000
1633,18.5200,1076.0000
1634,49.5000,2625.0000
1635,49.3200,2616.0000
1636,48.8600,2593.0000
1637,18.4000,1070.0000
1638,18.5000,1075.0000
1639,18.3000,1065.0000
1640,53.0200,2801.0000
1641,50.0200,2651.0000
1642,19.2400,1112.0000
1643,36.5000,1975.0000
1644,18.5200,1076.0000
1645,18.2200,1061.0000
1646,14.1000,855.0000
1647,19.9800,1149.0000
1648,62.7800,3239.0000
1649,43.3600,2318.0000
1650,18.5800,1079.0000
1651,18.7200,1086.0000
1652,19.8600,1143.0000
1653,18.1000,1055.0000
1654,18.3200,1066.0000
1655,18.4200,1071.0000
1656,18.5000,1075.0000
1657,43.5200,2326.0000
1658,61.9400,3197.0000
1659,19.1800,1109.0000
1660,56.9400,2947.0000
1661,51.0200,2701.0000
1662,18.6800,1084.0000
1663,15.3600,918.0000
1664,18.3200,1066.0000
1665,20.4400,1172.0000
1666,18.3800,1069.0000
1667,49.0600,2603.0000
1668,13.9800,849.0000
1669,44.3800,2369.0000
1670,15.1200,906.0000
1671,48.6600,2583.0000
1672,36.5800,1979.0000
1673,43.7600,2338.0000
1674,18.2200,1061.0000
1675,36.9200,1996.0000
1676,16.4000,970.0000
1677,36.6200,1981.0000
1678,58.8800,3044.0000
1679,36.2600,1963.0000
1680,18.3600,1068.0000
1681,18.1600,1058.0000
1682,43.4200,2321.0000
1683,36.4400,1972.0000
1684,18.0400,1052.0000
1685,18.4400,1072.0000
1686,18.1400,1057.0000
1687,36.9800,1999.0000
1688,18.2200,1061.0000
1689,13.9000,845.0000
1690,18.1200,1056.0000
1691,18.2800,1064.0000
1692,13.4400,822.0000
1693,36.1800,1959.0000
1694,56.9400,2947.0000
1695,49.4000,2620.0000
1696,18.3800,1069.0000
1697,18.4200,1071.0000
1698,18.2800,1064.0000
1699,18.8000,1090.0000
1700,13.9000,845.0000
1701,20.5800,1179.0000
1702,19.8200,1141.0000
1703,18.2400,1062.0000
1704,18.9000,1095.0000
1705,18.7200,1086.0000
1706,18.1200,1056.0000
1707,48.9200,2596.0000
1708,18.3000,1065.0000
1709,20.5200,1176.0000
1710,51.5400,2727.0000
1711,13.9200,846.0000
1712,19.1000,1105.0000
1713,13.3600,818.0000
1714,14.7800,889.0000
1715,18.7000,1085.0000
1716,36.4600,1973.0000
1717,18.5400,1077.0000
1718,20.5200,1176.0000
1719,18.6800,1084.0000
1720,19.1000,1105.0000
1721,18.8200,1091.0000
1722,43.2600,2313.0000
1723,19.0400,1102.0000
1724,43.4200,2321.0000
1725,18.2400,1062.0000
1726,18.9000,1095.0000
1727,18.1600,1058.0000
1728,36.7200,1986.0000
1729,18.2600,1063.0000
1730,19.2800,1114.0000
1731,18.4200,1071.0000
1732,18.2200,1061.0000
1733,18.4400,1072.0000
1734,18.2800,1064.0000
1735,20.3800,1169.0000
1736,54.7800,2839.0000
1737,18.2800,1064.0000
1738,49.7200,2636.0000
1739,14.8200,891.0000
1740,18.4800,1074.0000
1741,18.3800,1069.0000
1742,57.5600,2978.0000
1743,13.2400,812.0000
1744,18.3800,1069.0000
1745,18.9400,1097.0000
1746,36.2800,1964.0000
1747,18.0800,1054.0000
1748,58.3400,3067.0000
1749,18.2200,1061.0000
1750,56.0800,2904.0000
1751,14.9200,896.0000
1752,18.3600,1068.0000
1753,36.9000,1995.0000
1754,18.8800,1094.0000
1755,18.2000,1060.0000
1756,36.7600,1988.0000
1757,51.4000,2720.0000
1758,18.5800,1079.0000
1759,18.3000,1065.0000
1760,19.0800,1104.0000
1761,18.1000,1055.0000
1762,18.8600,1093.0000
1763,19.7000,1135.0000
1764,18.1800,1059.0000
1765,58.5400,3077.0000
1766,18.1600,1058.0000
1767,18.2800,1064.0000
1768,20.5800,1179.0000
1769,36.7800,1989.0000
1770,18.4400,1072.0000
1771,19.7800,1139.0000
1772,18.9000,1095.0000
1773,18.6400,1082.0000
1774,18.6200,1081.0000
1775,18.1000,1055.0000
1776,18.5400,1077.0000
1777,18.7000,1085.0000
1778,18.6200,1081.0000
1779,18.1400,1057.0000
1780,14.2000,860.0000
1781,19.9600,1148.0000
1782,49.3800,2619.0000
1783,19.8600,1143.0000
1784,56.6000,2930.0000
1785,18.4000,1070.0000
1786,18.2000,1060.0000
1787,18.7400,1087.0000
1788,56.9200,2946.0000
1789,18.2800,1064.0000
1790,18.1200,1056.0000
1791,20.2400,1162.0000
1792,49.3200,2616.0000
1793,49.8600,2643.0000
1794,44.4800,2374.0000
1795,36.1000,1955.0000
1796,19.7200,1136.0000
1797,20.5000,1175.0000
1798,13.5800,829.0000
1799,36.4600,1973.0000
1800,18.3600,1068.0000
1801,43.3800,2319.0000
1802,18.6000,1080.0000
1803,56.9400,2947.0000
1804,19.1200,1106.0000
1805,18.2800,1064.0000
1806,18.8000,1090.0000
1807,18.6800,1084.0000
1808,36.5800,1979.0000
1809,18.0800,1054.0000
1810,18.2800,1064.0000
1811,18.1200,1056.0000
1812,18.6800,1084.0000
1813,18.4600,1073.0000
1814,18.7800,1089.0000
1815,18.6800,1084.0000
1816,15.9000,945.0000
1817,18.2200,1061.0000
1818,56.8200,2941.0000
1819,49.6200,2631.0000
1820,18.1600,1058.0000
1821,20.7000,1185.0000
1822,18.5000,1075.0000
1823,18.5400,1077.0000
1824,58.3600,3018.0000
1825,21.4000,1220.0000
1826,18.2600,1063.0000
1827,18.3800,1069.0000
1828,14.0200,851.0000
1829,18.2800,1064.0000
1830,18.4400,1072.0000
1831,14.1600,858.0000
1832,18.3000,1065.0000
1833,18.8400,1092.0000
1834,56.9600,2948.0000
1835,18.4200,1071.0000
1836,18.9200,1096.0000
1837,48.9000,2595.0000
1838,18.5000,1075.0000
1839,18.2800,1064.0000
1840,51.2600,2713.0000
1841,18.6000,1080.0000
1842,18.4400,1072.0000
1843,36.7600,1988.0000
1844,56.9600,2948.0000
1845,18.1800,1059.0000
1846,19.1600,1108.0000
1847,18.0600,1053.0000
1848,18.7000,1085.0000
1849,18.3000,1065.0000
1850,18.5600,1078.0000
1851,18.2600,1063.0000
1852,18.2600,1063.0000
1853,43.0800,2304.0000
1854,56.9600,2948.0000
1855,18.5400,1077.0000
1856,18.8600,1093.0000
1857,36.9400,1997.0000
1858,18.1600,1058.0000
1859,57.9600,2998.0000
1860,49.7800,2639.0000
1861,18.4200,1071.0000
1862,18.0400,1052.0000
1863,20.0200,1151.0000
1864,55.8400,2892.0000
1865,18.0800,1054.0000
1866,49.2800,2614.0000
1867,18.6200,1081.0000
1868,18.5000,1075.0000
1869,18.6400,1082.0000
1870,18.6200,1081.0000
1871,19.0000,1100.0000
1872,18.3200,1066.0000
1873,19.2200,1111.0000
1874,20.7200,1186.0000
1875,18.3600,1068.0000
1876,36.2000,1960.0000
1877,52.5400,2777.0000
1878,15.5400,927.0000
1879,18.0800,1054.0000
1880,18.2400,1062.0000
1881,51.4800,2724.0000
1882,18.3000,1065.0000
1883,37.0000,2000.0000
1884,36.2000,1960.0000
1885,20.5000,1175.0000
1886,18.2000,1060.0000
1887,18.6800,1084.0000
1888,18.5000,1075.0000
1889,13.5600,828.0000
1890,20.3000,1165.0000
1891,44.6600,2383.0000
1892,15.3200,916.0000
1893,19.2200,1111.0000
1894,13.8000,840.0000
1895,51.4400,2722.0000
1896,49.4000,2620.0000
1897,18.3600,1068.0000
1898,18.2200,1061.0000
1899,18.1000,1055.0000
1900,18.2400,1062.0000
1901,21.4000,1220.0000
1902,54.7200,2836.0000
1903,20.6400,1182.0000
1904,14.3600,868.0000
1905,18.5800,1079.0000
1906,18.0800,1054.0000
1907,18.6000,1080.0000
1908,18.6600,1083.0000
1909,22.0200,1251.0000
1910,49.3400,2617.0000
1911,18.8000,1090.0000
1912,20.0800,1154.0000
1913,56.9800,2949.0000
1914,18.4400,1072.0000
1915,18.4000,1070.0000
1916,58.6400,3082.0000
1917,18.2400,1062.0000
1918,18.4600,1073.0000
1919,43.1000,2305.0000
1920,18.5200,1076.0000
1921,59.8800,3094.0000
1922,59.8600,3093.0000
1923,37.1200,2006.0000
1924,18.1200,1056.0000
1925,44.4000,2370.0000
1926,53.0000,2800.0000
1927,56.9200,2946.0000
1928,49.5800,2629.0000
1929,18.3000,1065.0000
1930,21.9000,1245.0000
1931,56.9400,2947.0000
1932,59.8600,3093.0000
1933,19.3000,1115.0000
1934,19.2400,1112.0000
1935,46.3000,2465.0000
1936,18.0800,1054.0000
1937,18.4600,1073.0000
1938,21.0800,1204.0000
1939,20.2200,1161.0000
1940,18.3800,1069.0000
1941,18.5200,1076.0000
1942,43.0600,2303.0000
1943,18.1800,1059.0000
1944,18.5400,1077.0000
1945,49.5000,2625.0000
1946,18.1200,1056.0000
1947,18.8200,1091.0000
1948,18.3400,1067.0000
1949,19.9400,1147.0000
1950,18.0400,1052.0000
1951,18.2600,1063.0000
1952,18.1200,1056.0000
1953,45.7600,2438.0000
1954,19.1600,1108.0000
1955,18.0600,1053.0000
1956,18.4800,1074.0000
1957,36.6000,1980.0000
1958,18.4600,1073.0000
1959,18.6800,1084.0000
1960,18.3200,1066.0000
1961,18.3800,1069.0000
1962,22.2400,1262.0000
1963,19.6000,1130.0000
1964,18.8600,1093.0000
1965,18.5000,1075.0000
1966,36.6800,1984.0000
1967,18.2000,1060.0000
1968,49.5800,2629.0000
1969,17.2400,1012.0000
1970,36.3800,1969.0000
1971,13.1600,808.0000
1972,18.6800,1084.0000
1973,18.2400,1062.0000
1974,18.9800,1099.0000
1975,20.5800,1179.0000
1976,18.3800,1069.0000
1977,19.3200,1116.0000
1978,18.4000,1070.0000
1979,44.3000,2365.0000
1980,18.3800,1069.0000
1981,49.1600,2608.0000
1982,13.2000,810.0000
1983,19.9800,1149.0000
1984,18.8200,1091.0000
1985,14.4800,874.0000
1986,14.8000,890.0000
1987,19.6000,1130.0000
1988,18.3400,1067.0000
1989,18.3800,1069.0000
1990,21.1600,1208.0000
1991,18.9800,1099.0000
1992,18.6400,1082.0000
1993,18.4400,1072.0000
1994,19.8800,1144.0000
1995,18.1800,1059.0000
1996,36.7400,1987.0000
1997,14.0000,850.0000
1998,19.8200,1141.0000
1999,18.4000,1070.0000
2000,21.4200,1221.0000
